
0   2026-03-27 20:00:00 23,615.50 23,664.00 23,470.00 23,478.75 -343.25       -1.44   70842
1   2026-03-27 21:00:00 23,481.00 23,558.50 23,440.00 23,511.50   32.75        0.14   70469
2   2026-03-27 22:00:00 23,511.50 23,610.50 23,458.50 23,549.50   38.00        0.16   63413
3   2026-03-27 23:00:00 23,550.50 23,556.75 23,444.25 23,473.50  -76.00       -0.32   38459
4   2026-03-28 00:00:00 23,473.50 23,529.50 23,344.00 23,360.25 -113.25       -0.48   47108
5   2026-03-28 01:00:00 23,359.75 23,396.25 23,325.25 23,340.00  -20.25       -0.09   39095
6   2026-03-28 02:00:00 23,339.25 23,360.50 23,269.00 23,309.00  -31.00       -0.13   63710
7   2026-03-28 03:00:00 23,309.00 23,330.50 23,232.50 23,254.25  -54.75       -0.23   24428

8   2026-03-30 20:00:00 23,505.75 23,538.25 23,292.75 23,302.00   47.75        0.21   62596
9   2026-03-30 21:00:00 23,302.50 23,382.75 23,262.25 23,377.50   75.50        0.32   73231
10  2026-03-30 22:00:00 23,377.50 23,436.25 23,282.00 23,375.00   -2.50       -0.01   63348
11  2026-03-30 23:00:00 23,374.50 23,380.25 23,267.00 23,288.00  -87.00       -0.37   39051
12  2026-03-31 00:00:00 23,288.00 23,306.25 23,169.50 23,210.75  -77.25       -0.33   47246
13  2026-03-31 01:00:00 23,210.50 23,212.75 23,115.25 23,120.75  -90.00       -0.39   31652
14  2026-03-31 02:00:00 23,120.75 23,165.25 23,024.50 23,135.50   14.75        0.06   66567
15  2026-03-31 03:00:00 23,135.50 23,144.50 23,091.75 23,106.25  -29.25       -0.13   15985

16  2026-03-31 20:00:00 23,370.75 23,575.00 23,357.00 23,565.00  458.75        1.99   70254
17  2026-03-31 21:00:00 23,569.00 23,587.75 23,376.50 23,409.50 -155.50       -0.66   77924
18  2026-03-31 22:00:00 23,409.25 23,558.75 23,407.50 23,446.50   37.00        0.16   61901
19  2026-03-31 23:00:00 23,446.25 23,857.25 23,435.75 23,775.25  328.75        1.40  109422
20  2026-04-01 00:00:00 23,775.75 23,876.00 23,747.50 23,761.00  -14.25       -0.06   81436
21  2026-04-01 01:00:00 23,760.00 23,872.00 23,760.00 23,855.50   94.50        0.40   41982
22  2026-04-01 02:00:00 23,856.25 23,975.25 23,833.50 23,909.75   54.25        0.23   77958
23  2026-04-01 03:00:00 23,909.50 23,945.50 23,868.25 23,905.50   -4.25       -0.02   25428

24  2026-04-01 20:00:00 24,061.00 24,194.75 24,036.00 24,120.75  215.25        0.90   72136
25  2026-04-01 21:00:00 24,121.75 24,270.00 24,108.75 24,260.00  139.25        0.58   81192
26  2026-04-01 22:00:00 24,260.25 24,327.00 24,229.75 24,313.25   53.25        0.22   50782
27  2026-04-01 23:00:00 24,314.00 24,330.75 24,288.25 24,318.75    5.50        0.02   31162
28  2026-04-02 00:00:00 24,319.75 24,348.25 24,265.50 24,266.75  -52.00       -0.21   30558
29  2026-04-02 01:00:00 24,266.75 24,273.50 24,124.50 24,159.00 -107.75       -0.44   65668
30  2026-04-02 02:00:00 24,159.00 24,255.75 24,153.75 24,200.50   41.50        0.17   67048
31  2026-04-02 03:00:00 24,200.75 24,215.75 24,176.50 24,187.25  -13.25       -0.05   14019

32  2026-04-02 20:00:00 23,725.25 23,908.25 23,678.00 23,898.00 -289.25       -1.20   71195
33  2026-04-02 21:00:00 23,897.75 24,266.75 23,859.00 24,175.00  277.00        1.16  125169
34  2026-04-02 22:00:00 24,174.50 24,214.50 24,089.00 24,136.00  -39.00       -0.16   67292
35  2026-04-02 23:00:00 24,136.00 24,177.00 24,057.50 24,121.00  -15.00       -0.06   42629
36  2026-04-03 00:00:00 24,120.50 24,182.75 24,063.50 24,090.75  -30.25       -0.13   31591
37  2026-04-03 01:00:00 24,091.25 24,165.00 24,091.00 24,140.50   49.75        0.21   29013
38  2026-04-03 02:00:00 24,141.00 24,225.75 24,135.00 24,220.75   80.25        0.33   39924
39  2026-04-03 03:00:00 24,220.75 24,233.75 24,199.75 24,219.50   -1.25       -0.01   15092

40  2026-04-06 20:00:00 24,307.50 24,416.75 24,245.75 24,411.75  192.25        0.79   62842
41  2026-04-06 21:00:00 24,411.50 24,452.25 24,262.25 24,306.25 -105.50       -0.43   75644
42  2026-04-06 22:00:00 24,306.25 24,337.50 24,252.25 24,323.25   17.00        0.07   37674
43  2026-04-06 23:00:00 24,324.00 24,346.75 24,283.25 24,309.25  -14.00       -0.06   25550
44  2026-04-07 00:00:00 24,309.00 24,334.25 24,202.75 24,263.50  -45.75       -0.19   37072
45  2026-04-07 01:00:00 24,264.50 24,364.25 24,245.50 24,351.25   87.75        0.36   31897
46  2026-04-07 02:00:00 24,351.50 24,376.25 24,326.25 24,363.00   11.75        0.05   31050
47  2026-04-07 03:00:00 24,363.25 24,370.00 24,334.00 24,349.75  -13.25       -0.05   10997

48  2026-04-07 20:00:00 24,216.25 24,308.00 24,118.00 24,120.25 -229.50       -0.94   60492
49  2026-04-07 21:00:00 24,121.25 24,144.50 23,994.00 24,009.25 -111.00       -0.46   82638
50  2026-04-07 22:00:00 24,009.25 24,133.00 23,941.50 24,108.50   99.25        0.41   61263
51  2026-04-07 23:00:00 24,107.50 24,241.75 24,105.50 24,202.25   93.75        0.39   50084
52  2026-04-08 00:00:00 24,201.75 24,299.75 24,169.75 24,225.50   23.25        0.10   42770
53  2026-04-08 01:00:00 24,226.00 24,238.25 24,076.75 24,102.00 -123.50       -0.51   37403
54  2026-04-08 02:00:00 24,102.50 24,381.00 24,083.25 24,370.00  268.00        1.11   85924
55  2026-04-08 03:00:00 24,369.25 24,451.50 24,345.75 24,399.25   29.25        0.12   26959

56  2026-04-08 20:00:00 25,213.00 25,249.75 25,064.00 25,080.75  681.50        2.79   84770
57  2026-04-08 21:00:00 25,080.75 25,105.00 24,926.50 24,993.00  -87.75       -0.35   85792
58  2026-04-08 22:00:00 24,993.25 25,089.00 24,978.75 25,078.50   85.50        0.34   52323
59  2026-04-08 23:00:00 25,078.75 25,157.50 25,061.75 25,142.25   63.75        0.25   37663
60  2026-04-09 00:00:00 25,142.50 25,156.75 25,065.00 25,094.25  -48.00       -0.19   34408
61  2026-04-09 01:00:00 25,094.50 25,131.75 24,948.75 24,953.25 -141.00       -0.56   46814
62  2026-04-09 02:00:00 24,953.25 25,097.00 24,943.25 25,079.75  126.50        0.51   67593
63  2026-04-09 03:00:00 25,079.75 25,095.25 25,033.25 25,039.00  -40.75       -0.16   16709

64  2026-04-09 20:00:00 25,029.25 25,111.50 25,005.50 25,033.25   -5.75       -0.02   59054
65  2026-04-09 21:00:00 25,033.00 25,056.00 24,960.50 25,041.25    8.00        0.03   67167
66  2026-04-09 22:00:00 25,041.50 25,197.75 25,016.00 25,189.00  147.75        0.59   77645
67  2026-04-09 23:00:00 25,189.00 25,265.75 25,161.75 25,196.50    7.50        0.03   56481
68  2026-04-10 00:00:00 25,196.75 25,257.00 25,188.00 25,226.75   30.25        0.12   36354
69  2026-04-10 01:00:00 25,227.00 25,231.25 25,145.00 25,179.75  -47.00       -0.19   47793
70  2026-04-10 02:00:00 25,180.25 25,269.75 25,175.75 25,248.75   69.00        0.27   50358
71  2026-04-10 03:00:00 25,248.75 25,254.00 25,220.25 25,244.75   -4.00       -0.02   13241


72  2026-04-10 20:00:00 25,304.00 25,369.25 25,290.50 25,320.50   75.75        0.30   55608
73  2026-04-10 21:00:00 25,319.00 25,373.75 25,268.00 25,352.50   32.00        0.13   65335
74  2026-04-10 22:00:00 25,352.50 25,393.00 25,244.75 25,264.50  -88.00       -0.35   59743
75  2026-04-10 23:00:00 25,264.50 25,301.50 25,222.25 25,264.50    0.00        0.00   43686
76  2026-04-11 00:00:00 25,265.50 25,276.00 25,223.25 25,272.00    7.50        0.03   29572
77  2026-04-11 01:00:00 25,271.75 25,281.25 25,238.50 25,260.75  -11.25       -0.04   29032
78  2026-04-11 02:00:00 25,261.25 25,302.00 25,259.00 25,284.25   23.50        0.09   44175
79  2026-04-11 03:00:00 25,284.00 25,338.00 25,276.75 25,281.25   -3.00       -0.01   12655