==================================================
      VNSTOCK 3.x MULTI-STOCK DEMO               
      Danh sách: NAS100
      Khung: 1D, Số lượng: 1000
==================================================

==================================================
      PHÂN TÍCH MÃ: NAS100 (Nasdaq 100 Futures) 
      Khung thời gian: 1D
==================================================

--- [ LỊCH SỬ GIÁ NAS100  ] ---
           time      open      high       low     close    change  pct_change   volume
0    2022-04-26 13,523.50 13,583.75 12,801.50 13,016.00   -519.75       -3.84   755330
1    2022-04-27 12,881.00 13,255.25 12,878.25 13,009.00     -7.00       -0.05   817196
2    2022-04-28 13,191.00 13,542.00 13,033.00 13,454.75    445.75        3.43   756360
3    2022-04-29 13,219.50 13,433.00 12,831.75 12,852.00   -602.75       -4.48   723386
4    2022-05-02 12,892.25 13,084.50 12,709.75 13,073.00    221.00        1.72   763818
5    2022-05-03 13,051.75 13,183.75 12,968.50 13,087.50     14.50        0.11   662216
6    2022-05-04 13,121.00 13,555.25 12,883.00 13,531.25    443.75        3.39   703191
7    2022-05-05 13,500.25 13,548.00 12,705.25 12,858.00   -673.25       -4.98   877795
8    2022-05-06 12,883.25 12,928.75 12,519.00 12,695.75   -162.25       -1.26   852234
9    2022-05-09 12,605.00 12,637.25 12,135.25 12,193.75   -502.00       -3.95   816033
10   2022-05-10 12,206.00 12,547.00 12,102.25 12,349.00    155.25        1.27   853859
11   2022-05-11 12,328.75 12,553.25 11,938.50 11,969.75   -379.25       -3.07   865890
12   2022-05-12 12,004.50 12,132.75 11,689.00 11,947.25    -22.50       -0.19   878238
13   2022-05-13 11,891.50 12,432.00 11,891.50 12,382.75    435.50        3.65   663517
14   2022-05-16 12,409.00 12,498.75 12,190.25 12,244.75   -138.00       -1.11   623715
15   2022-05-17 12,235.50 12,578.00 12,234.00 12,560.25    315.50        2.58   653222
16   2022-05-18 12,572.00 12,594.00 11,862.75 11,935.50   -624.75       -4.97   735386
17   2022-05-19 11,907.00 12,076.75 11,704.00 11,878.25    -57.25       -0.48   827741
18   2022-05-20 11,898.00 12,096.75 11,491.25 11,840.75    -37.50       -0.32   806781
19   2022-05-23 11,866.00 12,075.50 11,783.75 12,035.25    194.50        1.64   660213
20   2022-05-24 11,915.00 11,918.00 11,576.25 11,771.00   -264.25       -2.20   717429
21   2022-05-25 11,808.00 12,036.00 11,672.00 11,942.25    171.25        1.45   671096
22   2022-05-26 11,887.50 12,343.00 11,848.25 12,279.25    337.00        2.82   611884
23   2022-05-27 12,250.00 12,720.25 12,222.00 12,677.75    398.50        3.25   615992
24   2022-05-31 12,705.25 12,883.00 12,480.00 12,646.50    -31.25       -0.25   832388
25   2022-06-01 12,662.50 12,823.50 12,454.75 12,551.00    -95.50       -0.76   682211
26   2022-06-02 12,549.75 12,903.75 12,442.50 12,893.75    342.75        2.73   620008
27   2022-06-03 12,896.00 12,945.25 12,503.00 12,551.00   -342.75       -2.66   652955
28   2022-06-06 12,549.75 12,810.00 12,527.00 12,605.00     54.00        0.43   536936
29   2022-06-07 12,605.25 12,740.25 12,412.50 12,711.50    106.50        0.84   577970
30   2022-06-08 12,680.50 12,783.00 12,579.25 12,615.75    -95.75       -0.75   583652
31   2022-06-09 12,625.00 12,726.00 12,255.25 12,275.00   -340.75       -2.70   690155
32   2022-06-10 12,301.50 12,338.75 11,823.00 11,840.00   -435.00       -3.54   617395
33   2022-06-13 11,768.00 11,772.50 11,254.50 11,296.50   -543.50       -4.59   530220
34   2022-06-14 11,334.25 11,505.50 11,205.00 11,314.25     17.75        0.16   378134
35   2022-06-15 11,329.75 11,759.25 11,327.75 11,593.75    279.50        2.47   265812
36   2022-06-16 11,608.50 11,737.75 11,036.75 11,124.75   -469.00       -4.05   146538
37   2022-06-17 11,178.50 11,290.00 11,130.25 11,130.39      5.64        0.05   731831
38   2022-06-21 11,332.50 11,678.25 11,273.75 11,577.25    446.86        4.01   657209
39   2022-06-22 11,579.75 11,745.75 11,320.50 11,565.75    -11.50       -0.10   638960
40   2022-06-23 11,542.75 11,766.75 11,460.50 11,737.50    171.75        1.48   630125
41   2022-06-24 11,687.75 12,148.50 11,684.75 12,140.50    403.00        3.43   563303
42   2022-06-27 12,137.50 12,262.00 11,994.25 12,040.50   -100.00       -0.82   565803
43   2022-06-28 12,076.25 12,174.25 11,661.50 11,674.25   -366.25       -3.04   634694
44   2022-06-29 11,680.50 11,749.00 11,564.50 11,691.00     16.75        0.14   590173
45   2022-06-30 11,691.50 11,696.75 11,351.00 11,529.50   -161.50       -1.38   738071
46   2022-07-01 11,507.50 11,629.75 11,381.75 11,611.25     81.75        0.71   605401
47   2022-07-05 11,606.00 11,815.75 11,389.25 11,808.50    197.25        1.70   790937
48   2022-07-06 11,820.25 11,974.25 11,727.75 11,880.25     71.75        0.61   649912
49   2022-07-07 11,901.25 12,168.50 11,836.50 12,138.50    258.25        2.17   550463
50   2022-07-08 12,115.00 12,211.00 11,952.50 12,152.00     13.50        0.11   640445
51   2022-07-11 12,149.75 12,149.75 11,853.00 11,884.25   -267.75       -2.20   578336
52   2022-07-12 11,900.50 12,025.50 11,712.00 11,779.00   -105.25       -0.89   607949
53   2022-07-13 11,780.00 11,970.00 11,479.25 11,762.25    -16.75       -0.14   732270
54   2022-07-14 11,729.50 11,835.00 11,511.25 11,797.50     35.25        0.30   654560
55   2022-07-15 11,810.50 12,021.50 11,740.25 12,007.50    210.00        1.78   560980
56   2022-07-18 12,043.50 12,186.50 11,857.00 11,907.00   -100.50       -0.84   553676
57   2022-07-19 11,909.50 12,328.50 11,889.50 12,274.00    367.00        3.08   585591
58   2022-07-20 12,330.50 12,517.50 12,235.75 12,465.25    191.25        1.56   643607
59   2022-07-21 12,440.00 12,655.25 12,373.50 12,640.00    174.75        1.40   605066
60   2022-07-22 12,559.25 12,698.50 12,343.75 12,423.50   -216.50       -1.71   634548
61   2022-07-25 12,444.50 12,498.50 12,266.50 12,354.50    -69.00       -0.56   491612
62   2022-07-26 12,311.25 12,334.00 12,072.00 12,112.50   -242.00       -1.96   536287
63   2022-07-27 12,192.00 12,690.00 12,191.75 12,619.00    506.50        4.18   634889
64   2022-07-28 12,580.00 12,948.00 12,449.00 12,737.50    118.50        0.94   645261
65   2022-07-29 12,920.25 13,012.00 12,744.25 12,971.50    234.00        1.84   592416
66   2022-08-01 12,981.00 13,108.75 12,851.75 12,962.50     -9.00       -0.07   622511
67   2022-08-02 12,974.25 13,097.00 12,814.75 12,924.50    -38.00       -0.29   674564
68   2022-08-03 12,921.00 13,310.25 12,867.25 13,271.50    347.00        2.68   690056
69   2022-08-04 13,247.00 13,356.00 13,184.75 13,327.00     55.50        0.42   542680
70   2022-08-05 13,327.25 13,384.50 13,085.00 13,228.75    -98.25       -0.74   687792
71   2022-08-08 13,227.75 13,419.25 13,120.50 13,183.25    -45.50       -0.34   597182
72   2022-08-09 13,206.25 13,233.75 12,963.25 13,031.50   -151.75       -1.15   553704
73   2022-08-10 13,050.00 13,408.00 12,982.00 13,392.00    360.50        2.77   602069
74   2022-08-11 13,380.50 13,575.00 13,285.00 13,311.25    -80.75       -0.60   614816
75   2022-08-12 13,344.25 13,583.25 13,312.00 13,577.75    266.50        2.00   500647
76   2022-08-15 13,571.50 13,706.00 13,495.25 13,681.25    103.50        0.76   463768
77   2022-08-16 13,674.75 13,740.75 13,522.75 13,658.25    -23.00       -0.17   555979
78   2022-08-17 13,658.00 13,672.00 13,406.25 13,493.25   -165.00       -1.21   610667
79   2022-08-18 13,503.00 13,575.50 13,410.75 13,523.25     30.00        0.22   530513
80   2022-08-19 13,534.25 13,534.50 13,228.75 13,268.50   -254.75       -1.88   618758
81   2022-08-22 13,226.50 13,226.50 12,874.50 12,909.75   -358.75       -2.70   599946
82   2022-08-23 12,933.75 13,018.50 12,823.50 12,896.50    -13.25       -0.10   570278
83   2022-08-24 12,892.00 13,011.25 12,825.75 12,929.75     33.25        0.26   503227
84   2022-08-25 12,944.00 13,161.50 12,925.00 13,156.00    226.25        1.75   543666
85   2022-08-26 13,153.75 13,220.00 12,557.50 12,620.50   -535.50       -4.07   753862
86   2022-08-29 12,485.00 12,610.25 12,401.50 12,492.75   -127.75       -1.01   693093
87   2022-08-30 12,503.50 12,658.25 12,247.50 12,358.75   -134.00       -1.07   797462
88   2022-08-31 12,366.00 12,513.00 12,276.25 12,285.25    -73.50       -0.59   672068
89   2022-09-01 12,284.75 12,299.50 12,017.75 12,292.25      7.00        0.06   820606
90   2022-09-02 12,297.75 12,461.50 12,040.25 12,104.25   -188.00       -1.53   835870
91   2022-09-06 12,110.50 12,244.50 11,930.00 12,019.00    -85.25       -0.70   895450
92   2022-09-07 12,019.75 12,306.25 11,921.50 12,263.25    244.25        2.03   677159
93   2022-09-08 12,267.75 12,379.50 12,115.75 12,321.75     58.50        0.48   737024
94   2022-09-09 12,345.25 12,613.75 12,329.50 12,592.50    270.75        2.20   535984
95   2022-09-12 12,626.00 12,773.75 12,573.25 12,740.75    148.25        1.18   444255
96   2022-09-13 12,769.50 12,889.00 12,003.25 12,036.50   -704.25       -5.53   463841
97   2022-09-14 12,050.25 12,173.00 12,001.75 12,142.00    105.50        0.88   270232
98   2022-09-15 12,159.00 12,187.75 11,866.50 11,934.75   -207.25       -1.71   169928
99   2022-09-16 11,880.00 11,880.00 11,750.50 11,814.58   -120.17       -1.01   754923
100  2022-09-19 11,920.00 12,066.25 11,792.25 12,024.00    209.42        1.77   632663
101  2022-09-20 12,045.75 12,092.50 11,828.25 11,922.25   -101.75       -0.85   704882
102  2022-09-21 11,946.00 12,140.50 11,647.50 11,710.00   -212.25       -1.78   822965
103  2022-09-22 11,661.25 11,796.00 11,510.00 11,565.50   -144.50       -1.23   786180
104  2022-09-23 11,583.75 11,600.25 11,229.00 11,376.75   -188.75       -1.63   799378
105  2022-09-26 11,362.50 11,537.75 11,256.50 11,316.25    -60.50       -0.53   809853
106  2022-09-27 11,315.50 11,568.25 11,233.50 11,333.75     17.50        0.15   841073
107  2022-09-28 11,361.00 11,613.50 11,141.50 11,555.75    222.00        1.96   897742
108  2022-09-29 11,544.00 11,567.25 11,091.50 11,228.25   -327.50       -2.83   891823
109  2022-09-30 11,220.00 11,357.25 11,024.25 11,035.50   -192.75       -1.72   878168
110  2022-10-03 11,030.00 11,358.25 10,890.75 11,285.75    250.25        2.27   757581
111  2022-10-04 11,314.50 11,675.00 11,281.50 11,640.75    355.00        3.15   772885
112  2022-10-05 11,630.25 11,711.00 11,366.50 11,623.75    -17.00       -0.15   700889
113  2022-10-06 11,628.00 11,729.75 11,505.25 11,541.75    -82.00       -0.71   773914
114  2022-10-07 11,494.50 11,564.50 11,043.25 11,101.50   -440.25       -3.81   759141
115  2022-10-10 11,067.75 11,136.50 10,876.75 10,984.50   -117.00       -1.05   757732
116  2022-10-11 10,987.00 11,039.50 10,767.25 10,845.00   -139.50       -1.27   833906
117  2022-10-12 10,875.00 10,976.75 10,805.50 10,840.50     -4.50       -0.04   731214
118  2022-10-13 10,859.00 11,142.75 10,484.75 11,083.75    243.25        2.24  1050244
119  2022-10-14 11,064.75 11,253.50 10,726.75 10,744.00   -339.75       -3.07   843525
120  2022-10-17 10,720.00 11,146.25 10,713.00 11,110.25    366.25        3.41   638720
121  2022-10-18 11,161.25 11,431.75 11,081.50 11,198.75     88.50        0.80   832215
122  2022-10-19 11,320.25 11,382.75 11,049.00 11,153.25    -45.50       -0.41   733776
123  2022-10-20 11,134.00 11,328.75 11,008.00 11,090.75    -62.50       -0.56   739672
124  2022-10-21 11,061.25 11,386.25 10,935.50 11,358.50    267.75        2.41   840952
125  2022-10-24 11,393.75 11,530.25 11,207.75 11,478.75    120.25        1.06   715016
126  2022-10-25 11,453.75 11,734.00 11,430.25 11,713.50    234.75        2.05   660210
127  2022-10-26 11,510.00 11,703.50 11,415.00 11,446.00   -267.50       -2.28   784638
128  2022-10-27 11,417.75 11,537.50 10,921.50 11,235.25   -210.75       -1.84   769071
129  2022-10-28 11,122.75 11,626.00 11,062.00 11,587.00    351.75        3.13   728261
130  2022-10-31 11,592.50 11,595.00 11,367.25 11,447.25   -139.75       -1.21   607680
131  2022-11-01 11,455.00 11,619.00 11,288.75 11,332.00   -115.25       -1.01   605362
132  2022-11-02 11,320.25 11,460.00 10,909.00 10,944.50   -387.50       -3.42   770983
133  2022-11-03 10,938.00 10,996.00 10,708.00 10,728.00   -216.50       -1.98   705050
134  2022-11-04 10,712.00 10,974.25 10,636.00 10,890.25    162.25        1.51   881129
135  2022-11-07 10,786.50 11,038.50 10,751.00 11,014.25    124.00        1.14   554692
136  2022-11-08 11,016.00 11,231.25 10,928.75 11,094.25     80.00        0.73   728868
137  2022-11-09 11,089.25 11,164.25 10,822.25 10,830.75   -263.50       -2.38   669071
138  2022-11-10 10,841.00 11,677.00 10,808.00 11,632.25    801.50        7.40   862147
139  2022-11-11 11,669.75 11,876.75 11,569.25 11,848.00    215.75        1.85   682257
140  2022-11-14 11,791.00 11,898.50 11,702.00 11,734.75   -113.25       -0.96   576678
141  2022-11-15 11,768.50 12,118.75 11,761.75 11,904.25    169.50        1.44   771822
142  2022-11-16 11,882.00 11,963.00 11,706.50 11,739.50   -164.75       -1.38   577864
143  2022-11-17 11,777.75 11,827.50 11,528.25 11,710.50    -29.00       -0.25   658469
144  2022-11-18 11,747.75 11,843.00 11,607.00 11,708.00     -2.50       -0.02   585873
145  2022-11-21 11,723.00 11,756.00 11,553.00 11,588.00   -120.00       -1.02   477970
146  2022-11-22 11,588.00 11,759.25 11,526.50 11,754.50    166.50        1.44   531087
147  2022-11-23 11,741.50 11,892.75 11,720.00 11,862.75    108.25        0.92   474645
148  2022-11-25 11,878.00 11,933.00 11,766.25 11,782.75    -80.00       -0.67   252366
149  2022-11-28 11,731.25 11,788.50 11,575.25 11,616.25   -166.50       -1.41   506250
150  2022-11-29 11,625.00 11,704.50 11,465.00 11,524.75    -91.50       -0.79   555859
151  2022-11-30 11,520.00 12,078.50 11,497.75 12,042.25    517.50        4.49   769082
152  2022-12-01 12,079.25 12,145.00 11,943.25 12,062.75     20.50        0.17   629297
153  2022-12-02 12,039.75 12,067.75 11,740.50 12,010.25    -52.50       -0.44   588295
154  2022-12-05 12,000.50 12,015.75 11,745.50 11,805.75   -204.50       -1.70   537924
155  2022-12-06 11,812.00 11,846.25 11,502.00 11,566.00   -239.75       -2.03   657271
156  2022-12-07 11,566.00 11,596.25 11,422.50 11,509.50    -56.50       -0.49   634691
157  2022-12-08 11,500.00 11,685.75 11,433.00 11,645.50    136.00        1.18   600826
158  2022-12-09 11,641.50 11,748.00 11,517.00 11,569.75    -75.75       -0.65   504052
159  2022-12-12 11,553.00 11,716.00 11,522.75 11,711.75    142.00        1.23   354886
160  2022-12-13 11,691.25 12,229.50 11,680.50 11,839.75    128.00        1.09   407612
161  2022-12-14 11,839.00 11,948.50 11,613.75 11,750.75    -89.00       -0.75   197122
162  2022-12-15 11,758.75 11,779.50 11,298.25 11,347.25   -403.50       -3.43   182838
163  2022-12-16 11,340.25 11,381.25 11,206.50 11,327.04    -20.21       -0.18   665526
164  2022-12-19 11,328.75 11,411.00 11,131.75 11,193.25   -133.79       -1.18   562529
165  2022-12-20 11,182.50 11,247.00 11,043.50 11,175.75    -17.50       -0.16   625090
166  2022-12-21 11,206.50 11,389.75 11,181.00 11,334.50    158.75        1.42   631322
167  2022-12-22 11,357.00 11,384.75 10,870.50 11,054.25   -280.25       -2.47   714500
168  2022-12-23 11,061.00 11,143.00 10,916.25 11,075.25     21.00        0.19   534525
169  2022-12-27 11,104.00 11,183.75 10,896.00 10,915.50   -159.75       -1.44   499799
170  2022-12-28 10,915.75 10,996.50 10,758.75 10,772.75   -142.75       -1.31   635572
171  2022-12-29 10,785.75 11,071.50 10,777.50 11,032.75    260.00        2.41   470004
172  2022-12-30 11,033.50 11,051.50 10,855.50 11,022.25    -10.50       -0.10   462484
173  2023-01-03 11,122.50 11,182.00 10,844.75 10,945.50    -76.75       -0.70   657681
174  2023-01-04 10,941.25 11,068.50 10,863.50 10,999.25     53.75        0.49   758003
175  2023-01-05 10,988.50 11,046.75 10,805.00 10,820.25   -179.00       -1.63   694452
176  2023-01-06 10,838.75 11,165.75 10,751.00 11,113.50    293.25        2.71   736332
177  2023-01-09 11,126.50 11,385.50 11,120.25 11,185.50     72.00        0.65   646318
178  2023-01-10 11,184.75 11,288.75 11,094.00 11,282.00     96.50        0.86   559281
179  2023-01-11 11,282.50 11,479.50 11,239.75 11,476.50    194.50        1.72   500153
180  2023-01-12 11,474.50 11,579.75 11,291.00 11,534.25     57.75        0.50   754571
181  2023-01-13 11,528.50 11,619.50 11,389.00 11,608.00     73.75        0.64   482002
182  2023-01-17 11,613.50 11,685.00 11,510.25 11,624.50     16.50        0.14   576141
183  2023-01-18 11,619.75 11,759.50 11,468.00 11,475.75   -148.75       -1.28   619614
184  2023-01-19 11,470.50 11,487.00 11,308.50 11,356.50   -119.25       -1.04   594769
185  2023-01-20 11,401.00 11,686.75 11,365.25 11,677.00    320.50        2.82   577769
186  2023-01-23 11,676.75 11,983.00 11,650.50 11,934.00    257.00        2.20   593978
187  2023-01-24 11,933.00 12,010.50 11,835.75 11,909.50    -24.50       -0.21   511370
188  2023-01-25 11,970.50 11,976.50 11,604.50 11,873.25    -36.25       -0.30   633473
189  2023-01-26 11,874.75 12,113.00 11,867.25 12,106.75    233.50        1.97   621434
190  2023-01-27 12,049.00 12,308.50 12,016.00 12,222.25    115.50        0.95   588072
191  2023-01-30 12,212.50 12,252.00 11,960.00 11,968.00   -254.25       -2.08   634667
192  2023-01-31 11,984.00 12,156.00 11,871.00 12,152.00    184.00        1.54   585202
193  2023-02-01 12,116.00 12,524.50 12,055.25 12,414.25    262.25        2.16   668515
194  2023-02-02 12,520.00 12,949.75 12,501.75 12,846.75    432.50        3.48   817822
195  2023-02-03 12,748.25 12,878.00 12,551.25 12,624.00   -222.75       -1.73   824209
196  2023-02-06 12,572.00 12,608.50 12,455.75 12,515.50   -108.50       -0.86   535147
197  2023-02-07 12,513.00 12,818.50 12,459.25 12,776.75    261.25        2.09   744996
198  2023-02-08 12,747.00 12,808.50 12,512.75 12,545.25   -231.50       -1.81   590355
199  2023-02-09 12,555.00 12,728.50 12,366.50 12,425.50   -119.75       -0.95   612404
200  2023-02-10 12,448.75 12,451.50 12,243.25 12,346.25    -79.25       -0.64   600244
201  2023-02-13 12,357.50 12,567.00 12,265.25 12,540.50    194.25        1.57   467840
202  2023-02-14 12,547.25 12,687.00 12,390.50 12,631.00     90.50        0.72   719204
203  2023-02-15 12,620.75 12,756.50 12,524.25 12,730.00     99.00        0.78   568579
204  2023-02-16 12,740.00 12,792.75 12,455.25 12,482.50   -247.50       -1.94   682325
205  2023-02-17 12,462.50 12,466.25 12,265.75 12,390.00    -92.50       -0.74   629355
206  2023-02-21 12,380.00 12,417.75 12,090.25 12,096.75   -293.25       -2.37   609494
207  2023-02-22 12,108.00 12,190.50 12,034.00 12,097.50      0.75        0.01   640711
208  2023-02-23 12,176.25 12,261.00 12,028.50 12,207.50    110.00        0.91   640962
209  2023-02-24 12,190.00 12,214.50 11,923.00 11,997.00   -210.50       -1.72   643618
210  2023-02-27 12,003.00 12,189.50 11,990.00 12,083.25     86.25        0.72   578952
211  2023-02-28 12,093.50 12,172.75 12,025.75 12,072.25    -11.00       -0.09   646026
212  2023-03-01 12,041.25 12,141.75 11,924.75 11,961.75   -110.50       -0.92   759645
213  2023-03-02 11,967.00 12,096.25 11,832.50 12,062.00    100.25        0.84   752009
214  2023-03-03 12,049.00 12,329.00 12,012.00 12,311.25    249.25        2.07   675472
215  2023-03-06 12,306.25 12,486.25 12,276.25 12,323.50     12.25        0.10   612506
216  2023-03-07 12,320.25 12,381.25 12,142.25 12,169.00   -154.50       -1.25   685006
217  2023-03-08 12,170.00 12,254.50 12,108.25 12,228.25     59.25        0.49   633419
218  2023-03-09 12,231.00 12,353.50 11,977.50 12,007.25   -221.00       -1.81   816838
219  2023-03-10 12,005.00 12,109.00 11,795.00 11,840.25   -167.00       -1.39   871209
220  2023-03-13 11,894.75 12,095.75 11,674.25 11,931.75     91.50        0.77   694438
221  2023-03-14 11,960.00 12,223.00 11,921.75 12,207.00    275.25        2.31   364395
222  2023-03-15 12,200.75 12,280.00 11,972.00 12,247.75     40.75        0.33   261341
223  2023-03-16 12,264.50 12,600.50 12,189.25 12,583.00    335.25        2.74   181754
224  2023-03-17 12,575.75 12,636.50 12,531.75 12,594.65     11.65        0.09   734052
225  2023-03-20 12,690.00 12,750.00 12,525.25 12,688.50     93.85        0.75   694471
226  2023-03-21 12,699.75 12,898.25 12,676.50 12,867.25    178.75        1.41   565860
227  2023-03-22 12,873.25 13,082.00 12,678.00 12,707.00   -160.25       -1.25   713083
228  2023-03-23 12,695.00 13,031.00 12,694.25 12,854.00    147.00        1.16   838385
229  2023-03-24 12,871.50 12,924.75 12,728.00 12,890.25     36.25        0.28   676547
230  2023-03-27 12,916.00 12,984.50 12,765.50 12,788.50   -101.75       -0.79   562634
231  2023-03-28 12,810.50 12,833.50 12,634.25 12,732.50    -56.00       -0.44   537965
232  2023-03-29 12,745.50 12,994.00 12,742.00 12,965.00    232.50        1.83   566316
233  2023-03-30 12,962.50 13,111.75 12,931.50 13,082.00    117.00        0.90   583151
234  2023-03-31 13,084.25 13,311.50 13,057.50 13,301.75    219.75        1.68   624955
235  2023-04-03 13,262.00 13,278.75 13,154.00 13,270.00    -31.75       -0.24   542896
236  2023-04-04 13,259.00 13,348.75 13,168.25 13,219.00    -51.00       -0.38   577032
237  2023-04-05 13,230.00 13,247.25 13,006.00 13,079.75   -139.25       -1.05   594608
238  2023-04-06 13,072.75 13,191.00 12,953.25 13,170.75     91.00        0.70    41224
239  2023-04-10 13,179.75 13,203.25 12,967.50 13,158.00    -12.75       -0.10   553003
240  2023-04-11 13,163.25 13,208.75 13,053.50 13,074.75    -83.25       -0.63   549047
241  2023-04-12 13,073.75 13,241.75 12,937.75 12,952.25   -122.50       -0.94   684779
242  2023-04-13 12,957.00 13,228.00 12,925.50 13,209.75    257.50        1.99   558233
243  2023-04-14 13,183.00 13,255.00 13,058.00 13,181.25    -28.50       -0.22   627824
244  2023-04-17 13,212.50 13,218.00 13,076.75 13,186.50      5.25        0.04   540742
245  2023-04-18 13,184.00 13,298.75 13,138.00 13,193.00      6.50        0.05   576668
246  2023-04-19 13,170.50 13,226.75 13,065.00 13,183.00    -10.00       -0.08   529506
247  2023-04-20 13,162.00 13,200.00 13,021.75 13,074.25   -108.75       -0.82   680299
248  2023-04-21 13,089.00 13,122.00 12,982.50 13,090.50     16.25        0.12   593982
249  2023-04-24 13,070.00 13,134.00 12,967.25 13,056.50    -34.00       -0.26   582286
250  2023-04-25 13,050.25 13,059.50 12,800.00 12,809.50   -247.00       -1.89   694266
251  2023-04-26 12,940.00 13,012.25 12,863.75 12,887.75     78.25        0.61   755124
252  2023-04-27 12,965.00 13,333.00 12,936.00 13,231.25    343.50        2.67   728241
253  2023-04-28 13,215.00 13,336.00 13,169.00 13,320.25     89.00        0.67   671058
254  2023-05-01 13,317.00 13,370.25 13,258.75 13,306.75    -13.50       -0.10   487908
255  2023-05-02 13,290.00 13,334.75 13,110.25 13,184.50   -122.25       -0.92   664855
256  2023-05-03 13,162.00 13,314.00 13,080.00 13,100.75    -83.75       -0.64   648753
257  2023-05-04 13,064.00 13,173.00 13,001.75 13,043.75    -57.00       -0.44   656440
258  2023-05-05 13,060.00 13,359.00 13,055.75 13,317.75    274.00        2.10   573291
259  2023-05-08 13,316.00 13,368.00 13,254.50 13,352.25     34.50        0.26   506054
260  2023-05-09 13,338.50 13,347.00 13,250.50 13,264.75    -87.50       -0.66   552248
261  2023-05-10 13,258.75 13,446.75 13,202.75 13,409.50    144.75        1.09   839699
262  2023-05-11 13,410.00 13,470.25 13,361.50 13,446.50     37.00        0.28   653399
263  2023-05-12 13,446.00 13,494.25 13,310.50 13,396.25    -50.25       -0.37   628035
264  2023-05-15 13,378.75 13,480.00 13,350.00 13,468.00     71.75        0.54   495940
265  2023-05-16 13,461.00 13,554.50 13,426.25 13,483.25     15.25        0.11   561834
266  2023-05-17 13,498.50 13,669.00 13,474.25 13,643.50    160.25        1.19   621137
267  2023-05-18 13,640.50 13,913.00 13,628.25 13,894.00    250.50        1.84   749496
268  2023-05-19 13,908.50 13,960.25 13,814.25 13,858.00    -36.00       -0.26   659819
269  2023-05-22 13,805.50 13,946.75 13,794.25 13,902.50     44.50        0.32   538203
270  2023-05-23 13,913.25 13,979.25 13,710.00 13,728.75   -173.75       -1.25   658680
271  2023-05-24 13,729.00 13,845.75 13,566.50 13,650.25    -78.50       -0.57   704804
272  2023-05-25 13,877.00 14,031.25 13,803.00 13,976.50    326.25        2.39   819148
273  2023-05-26 13,977.75 14,369.00 13,924.50 14,332.50    356.00        2.55   729047
274  2023-05-30 14,437.50 14,570.00 14,336.75 14,396.75     64.25        0.45   882198
275  2023-05-31 14,397.25 14,429.00 14,251.25 14,300.50    -96.25       -0.67   680429
276  2023-06-01 14,289.50 14,528.25 14,248.25 14,472.25    171.75        1.20   622329
277  2023-06-02 14,494.00 14,627.75 14,468.25 14,575.25    103.00        0.71   623290
278  2023-06-05 14,577.00 14,694.75 14,512.75 14,588.75     13.50        0.09   619089
279  2023-06-06 14,582.00 14,623.75 14,504.50 14,586.50     -2.25       -0.02   572806
280  2023-06-07 14,594.50 14,675.00 14,305.50 14,331.50   -255.00       -1.75   770555
281  2023-06-08 14,316.00 14,526.75 14,256.75 14,503.00    171.50        1.20   631769
282  2023-06-09 14,517.00 14,687.50 14,460.25 14,556.25     53.25        0.37   581386
283  2023-06-12 14,560.25 14,827.00 14,554.25 14,800.50    244.25        1.68   397388
284  2023-06-13 14,824.00 14,967.75 14,779.50 14,914.25    113.75        0.77   347119
285  2023-06-14 14,925.00 15,061.50 14,793.00 15,012.75     98.50        0.66   204099
286  2023-06-15 15,038.00 15,252.00 14,878.00 15,188.00    175.25        1.17   139777
287  2023-06-16 15,181.25 15,324.00 15,130.50 15,316.61    128.61        0.85   636907
288  2023-06-20 15,303.25 15,322.50 15,126.50 15,256.50    -60.11       -0.39   652883
289  2023-06-21 15,247.50 15,273.25 15,002.25 15,044.00   -212.50       -1.39   640702
290  2023-06-22 15,038.75 15,238.00 14,964.00 15,214.75    170.75        1.14   611017
291  2023-06-23 15,236.00 15,236.00 14,985.25 15,058.25   -156.50       -1.03   620593
292  2023-06-26 15,057.75 15,152.50 14,853.50 14,856.50   -201.75       -1.34   649993
293  2023-06-27 14,875.00 15,139.25 14,862.25 15,111.50    255.00        1.72   569198
294  2023-06-28 15,088.25 15,219.00 15,021.25 15,130.00     18.50        0.12   662146
295  2023-06-29 15,161.00 15,202.75 15,028.50 15,100.25    -29.75       -0.20   594134
296  2023-06-30 15,106.00 15,376.75 15,099.00 15,337.00    236.75        1.57   529455
297  2023-07-03 15,331.00 15,392.00 15,308.00 15,364.75     27.75        0.18   265064
298  2023-07-05 15,357.00 15,432.00 15,255.25 15,360.75     -4.00       -0.03   519857
299  2023-07-06 15,353.75 15,366.00 15,111.50 15,238.00   -122.75       -0.80   574681
300  2023-07-07 15,211.75 15,359.75 15,172.25 15,181.75    -56.25       -0.37   555119
301  2023-07-10 15,198.50 15,218.25 15,063.25 15,187.00      5.25        0.03   609953
302  2023-07-11 15,195.75 15,278.75 15,109.50 15,260.00     73.00        0.48   552637
303  2023-07-12 15,258.00 15,507.75 15,254.50 15,444.75    184.75        1.21   649433
304  2023-07-13 15,457.75 15,741.25 15,456.50 15,711.50    266.75        1.73   563935
305  2023-07-14 15,699.00 15,857.25 15,663.00 15,694.25    -17.25       -0.11   629943
306  2023-07-17 15,690.00 15,882.75 15,661.50 15,840.75    146.50        0.93   522129
307  2023-07-18 15,832.00 16,029.75 15,733.00 15,974.75    134.00        0.85   633272
308  2023-07-19 15,949.25 16,062.75 15,911.25 15,959.25    -15.50       -0.10   682279
309  2023-07-20 15,922.75 15,925.75 15,547.00 15,592.25   -367.00       -2.30   810475
310  2023-07-21 15,590.75 15,719.25 15,522.25 15,540.00    -52.25       -0.34   704413
311  2023-07-24 15,556.00 15,618.75 15,483.75 15,561.25     21.25        0.14   561877
312  2023-07-25 15,570.00 15,736.25 15,549.25 15,673.00    111.75        0.72   554880
313  2023-07-26 15,730.25 15,739.25 15,515.00 15,610.75    -62.25       -0.40   683826
314  2023-07-27 15,638.75 15,904.00 15,511.25 15,571.00    -39.75       -0.25   846437
315  2023-07-28 15,580.00 15,896.00 15,546.25 15,847.50    276.50        1.78   689386
316  2023-07-31 15,850.00 15,917.00 15,791.25 15,857.50     10.00        0.06   523896
317  2023-08-01 15,869.25 15,889.25 15,728.25 15,817.25    -40.25       -0.25   529660
318  2023-08-02 15,757.00 15,789.75 15,414.00 15,473.00   -344.25       -2.18   773499
319  2023-08-03 15,455.75 15,551.75 15,339.50 15,438.75    -34.25       -0.22   658841
320  2023-08-04 15,441.00 15,610.25 15,336.50 15,354.00    -84.75       -0.55   773229
321  2023-08-07 15,370.50 15,495.50 15,334.25 15,485.50    131.50        0.86   578299
322  2023-08-08 15,495.00 15,497.75 15,218.00 15,354.25   -131.25       -0.85   638813
323  2023-08-09 15,351.75 15,432.50 15,146.50 15,178.25   -176.00       -1.15   652732
324  2023-08-10 15,202.50 15,442.25 15,136.00 15,201.25     23.00        0.15   807104
325  2023-08-11 15,219.00 15,266.75 15,037.25 15,095.75   -105.50       -0.69   613959
326  2023-08-14 15,104.00 15,282.00 15,020.75 15,270.25    174.50        1.16   554628
327  2023-08-15 15,279.00 15,335.00 15,074.75 15,106.50   -163.75       -1.07   593602
328  2023-08-16 15,110.75 15,166.00 14,921.50 14,942.25   -164.25       -1.09   641607
329  2023-08-17 14,940.25 15,018.25 14,738.25 14,778.00   -164.25       -1.10   681399
330  2023-08-18 14,748.00 14,802.75 14,609.25 14,744.00    -34.00       -0.23   731241
331  2023-08-21 14,762.50 15,013.75 14,720.50 14,985.75    241.75        1.64   641685
332  2023-08-22 14,974.50 15,118.25 14,932.00 14,958.50    -27.25       -0.18   623728
333  2023-08-23 14,959.75 15,356.75 14,957.25 15,195.50    237.00        1.58   606168
334  2023-08-24 15,333.00 15,418.00 14,817.00 14,862.00   -333.50       -2.19   847308
335  2023-08-25 14,833.00 15,048.75 14,751.75 14,979.25    117.25        0.79   823889
336  2023-08-28 14,991.00 15,126.50 14,973.50 15,092.50    113.25        0.76   586342
337  2023-08-29 15,098.75 15,430.50 15,049.75 15,415.75    323.25        2.14   616223
338  2023-08-30 15,427.50 15,522.75 15,361.50 15,501.25     85.50        0.55   590194
339  2023-08-31 15,513.75 15,606.75 15,460.00 15,538.50     37.25        0.24   584743
340  2023-09-01 15,534.00 15,661.25 15,454.00 15,516.25    -22.25       -0.14   572689
341  2023-09-05 15,517.00 15,586.75 15,418.25 15,534.50     18.25        0.12   604891
342  2023-09-06 15,511.25 15,533.00 15,310.50 15,399.50   -135.00       -0.87   596503
343  2023-09-07 15,385.00 15,395.75 15,157.50 15,282.25   -117.25       -0.76   644887
344  2023-09-08 15,286.25 15,390.75 15,223.00 15,297.50     15.25        0.10   598477
345  2023-09-11 15,308.00 15,497.50 15,298.00 15,475.75    178.25        1.17   411385
346  2023-09-12 15,466.50 15,480.75 15,288.75 15,304.75   -171.00       -1.10   253049
347  2023-09-13 15,308.50 15,424.25 15,212.75 15,356.25     51.50        0.34   190166
348  2023-09-14 15,372.75 15,517.75 15,337.25 15,478.00    121.75        0.79   110435
349  2023-09-15 15,480.25 15,524.00 15,401.25 15,435.20    -42.80       -0.28   708762
350  2023-09-18 15,382.25 15,461.00 15,330.50 15,414.50    -20.70       -0.13   509746
351  2023-09-19 15,424.25 15,442.25 15,248.50 15,375.25    -39.25       -0.25   552065
352  2023-09-20 15,375.25 15,436.25 15,127.00 15,152.00   -223.25       -1.45   605256
353  2023-09-21 15,133.25 15,149.00 14,841.00 14,862.75   -289.25       -1.91   702742
354  2023-09-22 14,854.50 15,027.50 14,836.25 14,869.50      6.75        0.05   624056
355  2023-09-25 14,880.25 14,955.75 14,782.25 14,935.25     65.75        0.44   568859
356  2023-09-26 14,949.00 14,949.00 14,666.25 14,715.00   -220.25       -1.47   667617
357  2023-09-27 14,725.25 14,821.50 14,586.00 14,739.00     24.00        0.16   716200
358  2023-09-28 14,772.50 14,947.50 14,658.00 14,859.75    120.75        0.82   734472
359  2023-09-29 14,876.50 15,060.75 14,811.00 14,866.50      6.75        0.05   745541
360  2023-10-02 14,965.00 15,046.00 14,826.00 14,984.75    118.25        0.80   762896
361  2023-10-03 14,989.50 15,031.00 14,651.50 14,714.50   -270.25       -1.80   762964
362  2023-10-04 14,713.75 14,956.00 14,589.00 14,923.75    209.25        1.42   803257
363  2023-10-05 14,903.00 14,958.75 14,716.25 14,861.75    -62.00       -0.42   676461
364  2023-10-06 14,853.75 15,160.25 14,660.00 15,112.00    250.25        1.68   840602
365  2023-10-09 15,040.25 15,212.75 14,949.50 15,187.00     75.00        0.50   617072
366  2023-10-10 15,196.50 15,383.50 15,171.75 15,270.75     83.75        0.55   648613
367  2023-10-11 15,282.25 15,416.75 15,253.00 15,380.00    109.25        0.72   614965
368  2023-10-12 15,407.50 15,468.75 15,216.25 15,315.00    -65.00       -0.42   747494
369  2023-10-13 15,324.00 15,366.75 15,062.25 15,120.25   -194.75       -1.27   777005
370  2023-10-16 15,120.00 15,336.75 15,083.00 15,289.50    169.25        1.12   641294
371  2023-10-17 15,305.75 15,309.25 15,050.25 15,240.75    -48.75       -0.32   781599
372  2023-10-18 15,236.50 15,238.25 14,979.25 15,025.25   -215.50       -1.41   853599
373  2023-10-19 15,045.00 15,138.25 14,839.50 14,890.00   -135.25       -0.90  1019700
374  2023-10-20 14,850.00 14,887.50 14,645.00 14,664.00   -226.00       -1.52   846675
375  2023-10-23 14,680.00 14,853.75 14,514.25 14,712.00     48.00        0.33   765733
376  2023-10-24 14,744.00 14,948.75 14,706.00 14,846.50    134.50        0.91   703058
377  2023-10-25 14,828.00 14,855.00 14,444.00 14,478.25   -368.25       -2.48   820677
378  2023-10-26 14,425.00 14,459.00 14,140.25 14,194.00   -284.25       -1.96   987597
379  2023-10-27 14,248.25 14,407.75 14,209.75 14,265.25     71.25        0.50   782097
380  2023-10-30 14,336.00 14,476.50 14,303.00 14,416.50    151.25        1.06   704860
381  2023-10-31 14,410.50 14,503.75 14,311.25 14,490.25     73.75        0.51   712605
382  2023-11-01 14,460.00 14,762.00 14,410.75 14,744.50    254.25        1.75   741817
383  2023-11-02 14,761.25 15,017.25 14,760.00 14,998.00    253.50        1.72   652481
384  2023-11-03 14,928.00 15,228.50 14,925.50 15,178.75    180.75        1.21   633835
385  2023-11-06 15,187.00 15,257.50 15,138.00 15,232.50     53.75        0.35   496129
386  2023-11-07 15,215.00 15,412.25 15,176.00 15,374.25    141.75        0.93   585124
387  2023-11-08 15,373.00 15,417.50 15,286.75 15,386.50     12.25        0.08   547842
388  2023-11-09 15,356.25 15,453.75 15,236.75 15,256.00   -130.50       -0.85   710427
389  2023-11-10 15,254.75 15,612.75 15,207.25 15,596.25    340.25        2.23   679633
390  2023-11-13 15,586.25 15,601.25 15,465.25 15,547.00    -49.25       -0.32   532937
391  2023-11-14 15,558.00 15,918.75 15,552.00 15,879.75    332.75        2.14   656099
392  2023-11-15 15,895.00 16,049.50 15,832.25 15,889.25      9.50        0.06   685072
393  2023-11-16 15,846.75 15,906.75 15,796.75 15,897.50      8.25        0.05   634456
394  2023-11-17 15,897.75 15,940.00 15,825.00 15,895.75     -1.75       -0.01   562424
395  2023-11-20 15,895.00 16,116.75 15,837.25 16,086.50    190.75        1.20   559493
396  2023-11-21 16,087.50 16,122.50 15,912.00 15,990.25    -96.25       -0.60   575452
397  2023-11-22 15,967.25 16,173.50 15,942.75 16,049.25     59.00        0.37   624552
398  2023-11-23 16,036.75 16,086.50 16,034.50 16,062.50     13.25        0.08   624552
399  2023-11-24 16,036.75 16,086.50 15,981.75 16,021.00    -41.50       -0.26   296604
400  2023-11-27 16,008.00 16,089.25 15,938.75 16,008.75    -12.25       -0.08   502555
401  2023-11-28 16,005.25 16,071.50 15,945.25 16,048.00     39.25        0.25   598224
402  2023-11-29 16,055.50 16,208.50 16,013.50 16,023.75    -24.25       -0.15   634326
403  2023-11-30 16,040.25 16,098.50 15,856.00 15,985.50    -38.25       -0.24   694118
404  2023-12-01 15,955.00 16,050.00 15,864.00 16,023.75     38.25        0.24   621710
405  2023-12-04 16,022.00 16,026.00 15,721.25 15,869.00   -154.75       -0.97   721019
406  2023-12-05 15,863.25 15,961.00 15,761.25 15,908.75     39.75        0.25   683586
407  2023-12-06 15,897.00 16,037.75 15,802.00 15,815.25    -93.50       -0.59   675482
408  2023-12-07 15,814.50 16,066.00 15,791.00 16,038.75    223.50        1.41   632326
409  2023-12-08 16,017.50 16,118.75 15,888.25 16,098.25     59.50        0.37   588926
410  2023-12-11 16,093.00 16,248.00 16,045.50 16,237.00    138.75        0.86   394184
411  2023-12-12 16,240.00 16,389.50 16,185.25 16,362.75    125.75        0.77   253666
412  2023-12-13 16,383.00 16,593.00 16,365.50 16,563.75    201.00        1.23   155141
413  2023-12-14 16,561.50 16,674.50 16,418.75 16,541.50    -22.25       -0.13   131883
414  2023-12-15 16,532.50 16,612.50 16,521.50 16,530.23    -11.27       -0.07   668578
415  2023-12-18 16,820.25 16,974.00 16,802.25 16,939.75    409.52        2.48   463438
416  2023-12-19 16,917.00 17,029.50 16,910.75 17,023.00     83.25        0.49   496518
417  2023-12-20 17,024.00 17,073.50 16,758.50 16,766.25   -256.75       -1.51   654329
418  2023-12-21 16,790.25 16,970.25 16,790.25 16,956.50    190.25        1.13   639818
419  2023-12-22 16,956.00 17,041.50 16,891.50 16,980.00     23.50        0.14   486853
420  2023-12-26 16,964.50 17,111.25 16,964.50 17,083.50    103.50        0.61   292090
421  2023-12-27 17,090.25 17,133.00 17,055.50 17,113.25     29.75        0.17   424302
422  2023-12-28 17,127.00 17,165.25 17,077.75 17,090.50    -22.75       -0.13   357702
423  2023-12-29 17,090.25 17,131.00 16,938.25 17,023.50    -67.00       -0.39   470864
424  2024-01-02 17,019.00 17,038.50 16,622.50 16,720.00   -303.50       -1.78   652714
425  2024-01-03 16,736.75 16,737.25 16,522.00 16,538.00   -182.00       -1.09   677219
426  2024-01-04 16,545.25 16,587.25 16,436.00 16,445.00    -93.00       -0.56   559464
427  2024-01-05 16,455.00 16,577.25 16,334.25 16,460.25     15.25        0.09   627475
428  2024-01-08 16,470.00 16,811.25 16,378.25 16,803.75    343.50        2.09   549900
429  2024-01-09 16,788.00 16,868.50 16,657.75 16,830.25     26.50        0.16   605921
430  2024-01-10 16,829.50 16,983.00 16,801.50 16,945.25    115.00        0.68   550703
431  2024-01-11 16,955.00 17,057.00 16,753.00 16,966.25     21.00        0.12   756441
432  2024-01-12 16,957.75 17,042.50 16,866.50 16,969.25      3.00        0.02   593445
433  2024-01-16 16,961.75 17,033.75 16,811.75 16,966.50     -2.75       -0.02   816021
434  2024-01-17 16,978.00 16,982.00 16,689.25 16,869.75    -96.75       -0.57   722784
435  2024-01-18 16,854.50 17,125.75 16,834.25 17,110.00    240.25        1.42   852229
436  2024-01-19 17,116.00 17,471.25 17,107.25 17,438.50    328.50        1.92   758132
437  2024-01-22 17,466.00 17,585.00 17,434.00 17,458.50     20.00        0.11   637245
438  2024-01-23 17,461.00 17,558.25 17,409.50 17,531.25     72.75        0.42   508078
439  2024-01-24 17,554.00 17,793.50 17,552.25 17,621.00     89.75        0.51   721605
440  2024-01-25 17,614.75 17,752.00 17,542.00 17,634.50     13.50        0.08   710822
441  2024-01-26 17,571.25 17,632.00 17,466.00 17,527.00   -107.50       -0.61   631481
442  2024-01-29 17,502.00 17,716.25 17,457.50 17,706.00    179.00        1.02   568739
443  2024-01-30 17,711.75 17,735.75 17,467.00 17,588.50   -117.50       -0.66   554146
444  2024-01-31 17,415.50 17,484.00 17,221.50 17,242.25   -346.25       -1.97   816119
445  2024-02-01 17,273.25 17,646.75 17,262.75 17,436.75    194.50        1.13   705238
446  2024-02-02 17,588.00 17,775.50 17,465.50 17,732.75    296.00        1.70   761167
447  2024-02-05 17,696.00 17,745.50 17,554.25 17,700.00    -32.75       -0.18   621645
448  2024-02-06 17,698.50 17,769.00 17,560.75 17,660.00    -40.00       -0.23   623168
449  2024-02-07 17,645.75 17,875.50 17,629.75 17,841.75    181.75        1.03   613340
450  2024-02-08 17,856.25 17,896.50 17,792.25 17,868.25     26.50        0.15   471370
451  2024-02-09 17,854.25 18,071.00 17,852.25 18,039.25    171.00        0.96   499282
452  2024-02-12 18,040.00 18,121.50 17,911.25 17,965.00    -74.25       -0.41   538132
453  2024-02-13 17,928.50 17,963.25 17,542.00 17,676.75   -288.25       -1.60   858230
454  2024-02-14 17,703.00 17,887.00 17,669.25 17,881.00    204.25        1.16   688088
455  2024-02-15 17,870.00 17,968.25 17,780.50 17,912.75     31.75        0.18   657768
456  2024-02-16 17,952.00 18,026.00 17,715.00 17,744.00   -168.75       -0.94   744628
457  2024-02-20 17,729.25 17,807.50 17,452.50 17,607.25   -136.75       -0.77   889292
458  2024-02-21 17,573.00 17,723.00 17,372.75 17,536.75    -70.50       -0.40   731450
459  2024-02-22 17,702.50 18,087.00 17,676.00 18,047.50    510.75        2.91   759232
460  2024-02-23 18,023.25 18,144.75 17,946.00 17,991.00    -56.50       -0.31   659725
461  2024-02-26 17,961.50 18,059.50 17,922.00 17,977.00    -14.00       -0.08   526169
462  2024-02-27 17,951.00 18,040.25 17,908.75 18,021.00     44.00        0.24   567818
463  2024-02-28 18,017.50 18,019.75 17,846.25 17,915.25   -105.75       -0.59   553731
464  2024-02-29 17,870.00 18,109.50 17,826.00 18,082.75    167.50        0.93   680147
465  2024-03-01 18,075.00 18,372.75 18,029.50 18,338.25    255.50        1.41   639153
466  2024-03-04 18,336.00 18,377.75 18,234.25 18,262.00    -76.25       -0.42   569342
467  2024-03-05 18,246.00 18,252.00 17,832.50 17,930.25   -331.75       -1.82   803857
468  2024-03-06 17,981.00 18,174.25 17,942.50 18,044.25    114.00        0.64   806131
469  2024-03-07 18,041.00 18,360.00 17,915.75 18,316.25    272.00        1.51   758499
470  2024-03-08 18,279.00 18,436.50 18,012.50 18,046.75   -269.50       -1.47  1048847
471  2024-03-11 18,056.00 18,068.25 17,890.50 17,971.00    -75.75       -0.42   472517
472  2024-03-12 18,010.50 18,241.75 17,930.00 18,227.75    256.75        1.43   281274
473  2024-03-13 18,218.00 18,256.50 18,033.25 18,078.50   -149.25       -0.82   179714
474  2024-03-14 18,094.25 18,177.75 17,915.50 18,024.50    -54.00       -0.30   110277
475  2024-03-15 18,006.00 18,074.75 17,831.75 17,854.75   -169.75       -0.94   705711
476  2024-03-18 18,073.50 18,381.00 18,062.25 18,231.50    376.75        2.11   656629
477  2024-03-19 18,222.00 18,289.25 18,053.25 18,270.00     38.50        0.21   660394
478  2024-03-20 18,274.00 18,545.00 18,227.50 18,479.75    209.75        1.15   618809
479  2024-03-21 18,539.75 18,709.00 18,526.75 18,561.75     82.00        0.44   606959
480  2024-03-22 18,580.50 18,626.00 18,492.00 18,574.75     13.00        0.07   511962
481  2024-03-25 18,567.00 18,601.25 18,414.75 18,513.50    -61.25       -0.33   456250
482  2024-03-26 18,531.25 18,619.00 18,439.25 18,449.00    -64.50       -0.35   516507
483  2024-03-27 18,477.50 18,571.75 18,378.50 18,503.75     54.75        0.30   605634
484  2024-03-28 18,505.00 18,538.75 18,447.50 18,475.00    -28.75       -0.16   515193
485  2024-04-01 18,503.00 18,612.00 18,414.50 18,497.25     22.25        0.12   572133
486  2024-04-02 18,497.25 18,511.00 18,201.50 18,330.00   -167.25       -0.90   618982
487  2024-04-03 18,345.00 18,451.75 18,232.50 18,373.25     43.25        0.24   597987
488  2024-04-04 18,388.50 18,568.00 18,055.25 18,076.75   -296.50       -1.61   777140
489  2024-04-05 18,086.25 18,408.25 18,051.50 18,300.75    224.00        1.24   809193
490  2024-04-08 18,348.25 18,376.00 18,237.50 18,295.00     -5.75       -0.03   524203
491  2024-04-09 18,314.75 18,407.25 18,160.75 18,359.75     64.75        0.35   696069
492  2024-04-10 18,381.00 18,474.25 18,053.50 18,196.75   -163.00       -0.89   880504
493  2024-04-11 18,184.00 18,518.75 18,088.00 18,485.00    288.25        1.58   728802
494  2024-04-12 18,486.25 18,507.75 18,120.25 18,179.25   -305.75       -1.65   787334
495  2024-04-15 18,151.00 18,350.75 17,841.50 17,876.25   -303.00       -1.67   797316
496  2024-04-16 17,879.00 17,988.00 17,792.00 17,881.25      5.00        0.03   766364
497  2024-04-17 17,897.00 17,968.50 17,615.25 17,658.50   -222.75       -1.25   844749
498  2024-04-18 17,669.75 17,770.75 17,506.25 17,547.25   -111.25       -0.63   756158
499  2024-04-19 17,530.75 17,553.25 17,113.25 17,180.75   -366.50       -2.09  1023135
500  2024-04-22 17,228.25 17,448.00 17,148.50 17,350.00    169.25        0.99   646130
501  2024-04-23 17,352.25 17,666.00 17,286.25 17,606.75    256.75        1.48   601826
502  2024-04-24 17,682.00 17,795.50 17,481.75 17,664.50     57.75        0.33   667402
503  2024-04-25 17,450.00 17,827.50 17,308.25 17,567.50    -97.00       -0.55   820011
504  2024-04-26 17,808.25 17,901.50 17,668.25 17,845.75    278.25        1.58   628227
505  2024-04-29 17,864.75 17,949.00 17,791.25 17,904.25     58.50        0.33   528891
506  2024-04-30 17,918.50 17,920.25 17,473.50 17,571.25   -333.00       -1.86   677704
507  2024-05-01 17,462.50 17,793.25 17,399.25 17,438.25   -133.00       -0.76   791170
508  2024-05-02 17,487.00 17,755.25 17,386.25 17,649.75    211.50        1.21   635300
509  2024-05-03 17,744.25 18,050.25 17,719.50 18,000.75    351.00        1.99   556949
510  2024-05-06 18,047.50 18,201.25 17,983.75 18,195.50    194.75        1.08   395489
511  2024-05-07 18,189.50 18,266.25 18,151.00 18,199.50      4.00        0.02   469722
512  2024-05-08 18,194.00 18,242.25 18,072.50 18,186.50    -13.00       -0.07   453714
513  2024-05-09 18,160.75 18,240.25 18,103.75 18,214.50     28.00        0.15   471196
514  2024-05-10 18,226.00 18,348.00 18,188.50 18,255.00     40.50        0.22   473881
515  2024-05-13 18,238.00 18,336.25 18,228.75 18,295.50     40.50        0.22   411036
516  2024-05-14 18,282.00 18,433.00 18,165.50 18,415.00    119.50        0.65   555369
517  2024-05-15 18,409.75 18,707.00 18,393.00 18,691.75    276.75        1.50   605869
518  2024-05-16 18,693.25 18,760.75 18,633.25 18,650.00    -41.75       -0.22   548582
519  2024-05-17 18,642.00 18,686.75 18,545.00 18,635.25    -14.75       -0.08   489227
520  2024-05-20 18,633.50 18,794.50 18,633.00 18,763.00    127.75        0.69   470381
521  2024-05-21 18,746.00 18,808.75 18,678.00 18,799.25     36.25        0.19   426117
522  2024-05-22 18,798.25 18,891.00 18,684.25 18,786.75    -12.50       -0.07   578439
523  2024-05-23 18,860.50 19,023.25 18,621.50 18,696.25    -90.50       -0.48   851576
524  2024-05-24 18,684.00 18,926.00 18,680.00 18,876.00    179.75        0.96   552083
525  2024-05-28 18,874.75 18,980.50 18,819.50 18,940.50     64.50        0.34   642954
526  2024-05-29 18,949.50 18,949.75 18,740.00 18,802.75   -137.75       -0.73   573938
527  2024-05-30 18,753.00 18,787.00 18,546.25 18,606.50   -196.25       -1.04   619548
528  2024-05-31 18,590.75 18,668.25 18,241.25 18,591.00    -15.50       -0.08   834003
529  2024-06-03 18,590.25 18,755.50 18,435.75 18,646.25     55.25        0.30   669104
530  2024-06-04 18,662.50 18,753.25 18,511.25 18,701.00     54.75        0.29   616703
531  2024-06-05 18,711.00 19,090.50 18,696.25 19,074.25    373.25        2.00   575227
532  2024-06-06 19,089.50 19,124.50 19,017.25 19,060.25    -14.00       -0.07   524900
533  2024-06-07 19,064.00 19,155.00 18,940.00 19,037.75    -22.50       -0.12   612033
534  2024-06-10 19,025.00 19,129.75 18,974.25 19,109.75     72.00        0.38   571666
535  2024-06-11 19,107.25 19,257.50 18,994.50 19,242.25    132.50        0.69   564706
536  2024-06-12 19,248.00 19,612.25 19,233.50 19,496.50    254.25        1.32   691079
537  2024-06-13 19,602.00 19,691.00 19,500.00 19,602.50    106.00        0.54   584725
538  2024-06-14 19,602.75 19,699.50 19,501.50 19,685.50     83.00        0.42   584288
539  2024-06-17 19,695.00 20,001.00 19,640.50 19,921.25    235.75        1.20   423232
540  2024-06-18 19,918.50 19,996.50 19,851.75 19,919.25     -2.00       -0.01   201834
541  2024-06-20 19,930.25 20,095.00 19,694.25 19,763.25   -156.00       -0.78   157046
542  2024-06-21 19,781.25 19,819.25 19,687.50 19,747.29    -15.96       -0.08   590839
543  2024-06-24 20,014.75 20,030.25 19,728.00 19,750.75      3.46        0.02   683900
544  2024-06-25 19,756.00 19,981.25 19,726.00 19,972.25    221.50        1.12   574518
545  2024-06-26 19,973.00 20,070.50 19,901.00 20,012.50     40.25        0.20   590175
546  2024-06-27 19,946.00 20,116.75 19,874.25 20,039.50     27.00        0.13   589649
547  2024-06-28 20,063.25 20,273.25 19,906.25 19,927.25   -112.25       -0.56   750324
548  2024-07-01 19,970.00 20,074.00 19,811.75 20,052.00    124.75        0.63   639341
549  2024-07-02 20,045.75 20,259.25 19,910.00 20,255.25    203.25        1.01   621477
550  2024-07-03 20,241.00 20,435.25 20,205.00 20,411.50    156.25        0.77   395129
551  2024-07-05 20,419.25 20,639.50 20,361.00 20,620.75    209.25        1.03   600207
552  2024-07-08 20,591.50 20,688.00 20,579.25 20,659.75     39.00        0.19   497107
553  2024-07-09 20,681.00 20,771.75 20,615.75 20,678.50     18.75        0.09   569689
554  2024-07-10 20,686.00 20,916.75 20,684.50 20,899.75    221.25        1.07   576694
555  2024-07-11 20,895.50 20,983.75 20,377.25 20,441.75   -458.00       -2.19   906128
556  2024-07-12 20,432.75 20,741.00 20,335.00 20,524.00     82.25        0.40   724343
557  2024-07-15 20,580.00 20,797.00 20,506.25 20,583.75     59.75        0.29   703410
558  2024-07-16 20,628.00 20,684.50 20,464.50 20,598.00     14.25        0.07   629745
559  2024-07-17 20,591.00 20,597.75 19,965.75 19,997.50   -600.50       -2.92   854323
560  2024-07-18 20,024.25 20,162.50 19,758.75 19,899.25    -98.25       -0.49   964287
561  2024-07-19 19,955.00 19,979.75 19,654.00 19,713.00   -186.25       -0.94   774109
562  2024-07-22 19,749.00 20,044.75 19,718.75 20,001.00    288.00        1.46   657854
563  2024-07-23 19,982.00 20,084.75 19,868.25 19,925.00    -76.00       -0.38   601990
564  2024-07-24 19,883.00 19,883.00 19,168.75 19,203.25   -721.75       -3.62   846812
565  2024-07-25 19,260.00 19,390.50 18,883.25 18,992.25   -211.00       -1.10   992015
566  2024-07-26 19,003.00 19,297.75 18,995.00 19,174.50    182.25        0.96   694702
567  2024-07-29 19,171.75 19,377.25 19,113.25 19,209.25     34.75        0.18   600017
568  2024-07-30 19,217.00 19,319.75 18,725.00 18,936.25   -273.00       -1.42   745002
569  2024-07-31 18,865.75 19,648.00 18,861.75 19,505.25    569.00        3.00   762246
570  2024-08-01 19,593.25 19,717.00 18,854.00 19,023.25   -482.00       -2.47   920616
571  2024-08-02 18,956.50 18,979.75 18,385.75 18,556.25   -467.00       -2.45   842228
572  2024-08-05 18,390.00 18,390.00 17,351.00 18,013.25   -543.00       -2.93   937137
573  2024-08-06 18,165.75 18,483.25 17,966.00 18,179.00    165.75        0.92   697089
574  2024-08-07 18,033.00 18,558.50 17,836.25 17,966.50   -212.50       -1.17   725244
575  2024-08-08 17,873.00 18,593.50 17,741.75 18,525.25    558.75        3.11   663957
576  2024-08-09 18,550.25 18,674.50 18,383.00 18,616.00     90.75        0.49   501761
577  2024-08-12 18,590.00 18,765.25 18,515.00 18,639.50     23.50        0.13   469892
578  2024-08-13 18,648.25 19,122.50 18,628.50 19,104.25    464.75        2.49   497670
579  2024-08-14 19,099.25 19,203.50 18,925.50 19,115.00     10.75        0.06   553997
580  2024-08-15 19,142.50 19,603.25 19,100.50 19,581.25    466.25        2.44   522322
581  2024-08-16 19,570.25 19,683.00 19,447.50 19,605.75     24.50        0.13   458933
582  2024-08-19 19,629.00 19,871.75 19,525.25 19,857.75    252.00        1.29   429305
583  2024-08-20 19,857.75 19,931.00 19,743.00 19,809.50    -48.25       -0.24   485435
584  2024-08-21 19,803.00 19,981.75 19,771.50 19,909.50    100.00        0.50   479077
585  2024-08-22 19,921.25 20,025.25 19,542.00 19,578.25   -331.25       -1.66   630179
586  2024-08-23 19,621.50 19,904.25 19,591.75 19,790.75    212.50        1.09   581201
587  2024-08-26 19,787.75 19,846.25 19,505.50 19,591.25   -199.50       -1.01   473540
588  2024-08-27 19,558.75 19,694.25 19,441.50 19,653.75     62.50        0.32   441146
589  2024-08-28 19,635.50 19,691.00 19,227.25 19,415.75   -238.00       -1.21   537278
590  2024-08-29 19,217.00 19,693.50 19,140.25 19,393.25    -22.50       -0.12   669705
591  2024-08-30 19,445.75 19,632.75 19,370.50 19,623.00    229.75        1.18   495609
592  2024-09-03 19,599.00 19,683.00 18,911.00 19,006.50   -616.50       -3.14   698442
593  2024-09-04 18,993.75 19,114.75 18,825.75 18,962.50    -44.00       -0.23   582116
594  2024-09-05 18,965.75 19,150.50 18,827.25 18,963.50      1.00        0.01   585125
595  2024-09-06 18,921.00 18,972.25 18,339.75 18,458.25   -505.25       -2.66   726350
596  2024-09-09 18,400.00 18,734.50 18,386.00 18,692.25    234.00        1.27   726350
597  2024-09-10 18,727.00 18,878.50 18,582.25 18,864.00    171.75        0.92   536220
598  2024-09-11 18,837.75 19,293.50 18,547.00 19,271.00    407.00        2.16   729344
599  2024-09-12 19,241.50 19,483.50 19,185.00 19,447.25    176.25        0.91   581032
600  2024-09-13 19,419.50 19,577.25 19,398.25 19,530.25     83.00        0.43   467948
601  2024-09-16 19,498.00 19,546.50 19,299.25 19,433.00    -97.25       -0.50   339781
602  2024-09-17 19,426.50 19,615.50 19,341.00 19,439.25      6.25        0.03   254059
603  2024-09-18 19,451.00 19,660.00 19,331.00 19,349.25    -90.00       -0.46   138848
604  2024-09-19 19,420.50 19,966.25 19,408.75 19,850.25    501.00        2.59   134917
605  2024-09-20 19,831.25 19,838.25 19,746.50 19,808.01    -42.24       -0.21   479646
606  2024-09-23 20,040.00 20,164.00 19,955.25 20,080.00    271.99        1.37   394947
607  2024-09-24 20,063.25 20,214.75 19,953.00 20,167.75     87.75        0.44   457126
608  2024-09-25 20,183.75 20,271.00 20,064.25 20,192.00     24.25        0.12   405050
609  2024-09-26 20,242.00 20,538.00 20,188.00 20,346.25    154.25        0.76   509755
610  2024-09-27 20,345.00 20,395.75 20,173.00 20,221.50   -124.75       -0.61   435634
611  2024-09-30 20,198.50 20,287.00 20,056.00 20,261.25     39.75        0.20   510434
612  2024-10-01 20,234.25 20,331.75 19,818.00 19,975.00   -286.25       -1.41   662776
613  2024-10-02 19,975.25 20,090.25 19,833.50 20,009.75     34.75        0.17   475599
614  2024-10-03 20,055.50 20,113.75 19,852.00 19,990.25    -19.50       -0.10   526765
615  2024-10-04 19,965.50 20,263.75 19,941.50 20,227.25    237.00        1.19   560070
616  2024-10-07 20,220.00 20,267.25 19,948.00 19,992.75   -234.50       -1.16   450371
617  2024-10-08 20,025.75 20,329.50 19,902.50 20,298.50    305.75        1.53   444750
618  2024-10-09 20,294.25 20,482.75 20,196.00 20,463.50    165.00        0.81   421249
619  2024-10-10 20,445.25 20,508.25 20,301.50 20,429.75    -33.75       -0.16   450569
620  2024-10-11 20,435.00 20,494.25 20,314.75 20,450.00     20.25        0.10   385312
621  2024-10-14 20,432.50 20,680.00 20,383.25 20,619.25    169.25        0.83   395756
622  2024-10-15 20,638.75 20,659.25 20,254.00 20,342.00   -277.25       -1.34   522391
623  2024-10-16 20,334.50 20,398.50 20,206.25 20,349.50      7.50        0.04   417571
624  2024-10-17 20,328.00 20,594.75 20,276.75 20,368.00     18.50        0.09   535486
625  2024-10-18 20,384.00 20,529.75 20,320.75 20,483.50    115.50        0.57   385566
626  2024-10-21 20,496.25 20,554.50 20,343.75 20,519.50     36.00        0.18   456078
627  2024-10-22 20,536.50 20,602.25 20,360.25 20,542.00     22.50        0.11   476324
628  2024-10-23 20,521.00 20,542.50 20,079.00 20,220.50   -321.50       -1.57   619162
629  2024-10-24 20,294.25 20,428.50 20,261.75 20,380.25    159.75        0.79   462552
630  2024-10-25 20,388.50 20,707.25 20,364.00 20,498.75    118.50        0.58   585929
631  2024-10-28 20,525.50 20,676.50 20,486.00 20,497.00     -1.75       -0.01   430120
632  2024-10-29 20,513.00 20,760.25 20,432.25 20,696.50    199.50        0.97   498020
633  2024-10-30 20,734.00 20,788.50 20,472.50 20,534.75   -161.75       -0.78   519409
634  2024-10-31 20,482.00 20,495.75 20,008.50 20,021.75   -513.00       -2.50   686677
635  2024-11-01 20,071.00 20,288.00 20,017.00 20,153.25    131.50        0.66   554025
636  2024-11-04 20,138.00 20,248.50 20,013.00 20,086.00    -67.25       -0.33   520521
637  2024-11-05 20,130.75 20,385.50 20,041.75 20,341.75    255.75        1.27   450115
638  2024-11-06 20,360.50 20,935.25 20,323.50 20,894.00    552.25        2.71   632408
639  2024-11-07 20,923.50 21,253.00 20,861.50 21,224.75    330.75        1.58   462805
640  2024-11-08 21,224.25 21,265.00 21,121.75 21,231.25      6.50        0.03   401943
641  2024-11-11 21,249.75 21,340.75 21,098.25 21,217.75    -13.50       -0.06   456006
642  2024-11-12 21,221.00 21,251.75 21,054.75 21,189.50    -28.25       -0.13   511372
643  2024-11-13 21,178.00 21,268.50 21,056.50 21,159.50    -30.00       -0.14   533739
644  2024-11-14 21,167.00 21,190.25 20,950.50 21,011.75   -147.75       -0.70   561950
645  2024-11-15 20,977.50 20,981.50 20,405.25 20,493.75   -518.00       -2.47   691851
646  2024-11-18 20,504.00 20,724.25 20,476.00 20,633.50    139.75        0.68   525474
647  2024-11-19 20,633.25 20,792.50 20,382.50 20,767.75    134.25        0.65   553617
648  2024-11-20 20,762.25 20,843.25 20,477.00 20,749.00    -18.75       -0.09   619493
649  2024-11-21 20,738.00 20,905.75 20,514.25 20,829.50     80.50        0.39   698342
650  2024-11-22 20,794.00 20,880.00 20,693.25 20,849.75     20.25        0.10   541554
651  2024-11-25 20,935.00 21,081.00 20,780.25 20,880.25     30.50        0.15   544568
652  2024-11-26 20,906.25 21,024.75 20,755.00 20,993.50    113.25        0.54   505254
653  2024-11-27 20,990.75 21,019.00 20,675.00 20,813.00   -180.50       -0.86   520026
654  2024-11-29 20,813.00 21,017.50 20,805.50 20,993.50    180.50        0.87   339955
655  2024-12-02 20,995.25 21,259.75 20,940.00 21,218.00    224.50        1.07   475464
656  2024-12-03 21,220.00 21,329.00 21,134.25 21,281.50     63.50        0.30   444143
657  2024-12-04 21,323.00 21,548.50 21,305.75 21,536.50    255.00        1.20   461922
658  2024-12-05 21,513.25 21,567.25 21,437.50 21,473.25    -63.25       -0.29   421035
659  2024-12-06 21,450.00 21,669.25 21,424.75 21,656.75    183.50        0.85   459878
660  2024-12-09 21,649.00 21,706.25 21,436.00 21,483.75   -173.00       -0.80   517123
661  2024-12-10 21,479.25 21,606.75 21,352.75 21,405.25    -78.50       -0.37   544406
662  2024-12-11 21,436.00 21,820.00 21,405.75 21,793.50    388.25        1.81   547213
663  2024-12-12 21,756.75 21,772.50 21,604.25 21,651.25   -142.25       -0.65   510307
664  2024-12-13 21,720.75 21,908.00 21,666.50 21,795.75    144.50        0.67   639403
665  2024-12-16 21,780.25 22,152.50 21,762.00 22,110.25    314.50        1.44   482433
666  2024-12-17 22,115.00 22,124.50 21,942.25 22,014.75    -95.50       -0.43   277298
667  2024-12-18 22,010.00 22,083.75 21,034.25 21,218.75   -796.00       -3.62   209588
668  2024-12-19 21,218.50 21,424.25 21,080.00 21,112.75   -106.00       -0.50   124728
669  2024-12-20 21,151.50 21,151.50 20,745.00 20,947.98   -164.77       -0.78   864714
670  2024-12-23 21,566.00 21,776.75 21,476.75 21,753.25    805.27        3.84   508598
671  2024-12-24 21,743.25 22,049.75 21,709.00 22,028.50    275.25        1.27   261201
672  2024-12-26 22,049.50 22,111.25 21,870.25 22,008.00    -20.50       -0.09   407116
673  2024-12-27 21,990.75 22,008.00 21,498.75 21,698.50   -309.50       -1.41   572604
674  2024-12-30 21,711.00 21,742.75 21,253.00 21,416.25   -282.25       -1.30   530975
675  2024-12-31 21,390.25 21,524.75 21,182.00 21,226.50   -189.75       -0.89   477280
676  2025-01-02 21,269.00 21,490.50 20,983.75 21,167.50    -59.00       -0.28   664742
677  2025-01-03 21,186.75 21,559.25 21,144.00 21,516.50    349.00        1.65   488243
678  2025-01-06 21,532.25 21,896.75 21,478.25 21,744.50    228.00        1.06   574300
679  2025-01-07 21,781.25 21,806.00 21,279.50 21,359.75   -384.75       -1.77   645144
680  2025-01-08 21,380.75 21,448.25 21,166.25 21,360.75      1.00        0.00   637114
681  2025-01-09 21,334.75 21,347.25 21,218.00 21,301.50    -59.25       -0.28    77170
682  2025-01-10 21,302.75 21,372.50 20,874.75 21,016.00   -285.50       -1.34   703964
683  2025-01-13 21,027.50 21,037.00 20,694.00 20,947.25    -68.75       -0.33   617059
684  2025-01-14 21,020.00 21,143.75 20,773.50 20,919.50    -27.75       -0.13   676188
685  2025-01-15 20,977.00 21,452.75 20,909.00 21,400.25    480.75        2.30   551806
686  2025-01-16 21,389.00 21,567.25 21,172.25 21,249.75   -150.50       -0.70   598631
687  2025-01-17 21,227.50 21,682.50 21,209.25 21,594.75    345.00        1.62   594110
688  2025-01-21 21,600.00 21,783.50 21,377.75 21,709.50    114.75        0.53   662316
689  2025-01-22 21,809.25 22,093.50 21,768.25 22,000.50    291.00        1.34   508606
690  2025-01-23 21,981.75 22,050.50 21,855.50 22,038.25     37.75        0.17   476286
691  2025-01-24 22,018.50 22,078.25 21,844.00 21,911.25   -127.00       -0.58   522901
692  2025-01-27 21,771.00 21,771.00 20,763.75 21,258.50   -652.75       -2.98  1056136
693  2025-01-28 21,343.25 21,626.00 21,159.50 21,581.75    323.25        1.52   663336
694  2025-01-29 21,559.00 21,697.00 21,367.00 21,523.25    -58.50       -0.27   629631
695  2025-01-30 21,547.75 21,748.75 21,419.50 21,624.75    101.50        0.47   618073
696  2025-01-31 21,680.00 21,966.00 21,533.75 21,589.25    -35.50       -0.16   655811
697  2025-02-03 21,200.00 21,579.75 20,943.00 21,405.00   -184.25       -0.85   728140
698  2025-02-04 21,592.00 21,694.00 21,242.50 21,670.25    265.25        1.24   497143
699  2025-02-05 21,562.00 21,795.00 21,429.75 21,763.00     92.75        0.43   497655
700  2025-02-06 21,764.50 21,882.25 21,705.75 21,871.75    108.75        0.50   438729
701  2025-02-07 21,817.75 21,968.00 21,552.75 21,590.75   -281.00       -1.28   598869
702  2025-02-10 21,463.25 21,894.00 21,418.00 21,846.50    255.75        1.18   391625
703  2025-02-11 21,832.00 21,871.50 21,669.50 21,786.75    -59.75       -0.27   423200
704  2025-02-12 21,794.25 21,862.50 21,510.75 21,804.75     18.00        0.08   545408
705  2025-02-13 21,861.25 22,124.00 21,753.00 22,113.25    308.50        1.41   536739
706  2025-02-14 22,071.00 22,225.00 22,042.50 22,196.25     83.00        0.38   433212
707  2025-02-18 22,235.75 22,319.75 22,102.75 22,232.25     36.00        0.16   567203
708  2025-02-19 22,224.50 22,299.75 22,118.00 22,250.50     18.25        0.08   496442
709  2025-02-20 22,213.00 22,235.50 21,951.00 22,141.75   -108.75       -0.49   563585
710  2025-02-21 22,136.00 22,245.50 21,652.75 21,679.25   -462.50       -2.09   708349
711  2025-02-24 21,700.75 21,813.00 21,407.50 21,420.25   -259.00       -1.19   670634
712  2025-02-25 21,442.50 21,453.75 20,990.00 21,149.00   -271.25       -1.27   805678
713  2025-02-26 21,230.50 21,409.25 21,055.00 21,187.00     38.00        0.18   646236
714  2025-02-27 21,249.00 21,386.50 20,583.25 20,605.75   -581.25       -2.74   854180
715  2025-02-28 20,649.50 20,944.25 20,460.50 20,919.50    313.75        1.52   845890
716  2025-03-03 21,005.25 21,121.00 20,316.75 20,468.25   -451.25       -2.16   833041
717  2025-03-04 20,527.00 20,732.50 20,075.25 20,399.00    -69.25       -0.34   958071
718  2025-03-05 20,555.00 20,725.00 20,215.00 20,665.00    266.00        1.30   783638
719  2025-03-06 20,605.25 20,647.50 20,003.00 20,089.25   -575.75       -2.79   763150
720  2025-03-07 20,214.50 20,286.25 19,765.50 20,229.75    140.50        0.70   763257
721  2025-03-10 20,147.00 20,156.50 19,272.25 19,452.75   -777.00       -3.84   798366
722  2025-03-11 19,440.00 19,686.75 19,139.25 19,399.00    -53.75       -0.28   857876
723  2025-03-12 19,412.75 19,788.75 19,387.00 19,618.50    219.50        1.13   702688
724  2025-03-13 19,572.00 19,694.00 19,170.00 19,249.00   -369.50       -1.88   761160
725  2025-03-14 19,312.75 19,742.50 19,296.75 19,712.00    463.00        2.41   742663
726  2025-03-17 19,668.25 19,959.25 19,550.50 19,831.75    119.75        0.61   584953
727  2025-03-18 19,821.00 19,858.00 19,397.75 19,496.75   -335.00       -1.69   360195
728  2025-03-19 19,496.75 19,935.00 19,455.50 19,746.75    250.00        1.28   210518
729  2025-03-20 19,746.75 19,898.75 19,530.25 19,678.50    -68.25       -0.35   116159
730  2025-03-21 19,690.75 19,728.75 19,408.00 19,450.81   -227.69       -1.16   605235
731  2025-03-24 20,050.50 20,409.50 20,050.50 20,374.25    923.44        4.75   555043
732  2025-03-25 20,353.00 20,524.75 20,293.00 20,488.50    114.25        0.56   470886
733  2025-03-26 20,511.50 20,536.75 20,045.00 20,116.50   -372.00       -1.82   620685
734  2025-03-27 20,046.00 20,199.50 19,937.25 19,990.25   -126.25       -0.63   634738
735  2025-03-28 19,995.25 20,011.75 19,357.50 19,457.00   -533.25       -2.67   696397
736  2025-03-31 19,319.75 19,489.75 18,976.75 19,439.50    -17.50       -0.09   842547
737  2025-04-01 19,411.25 19,644.00 19,261.25 19,604.50    165.00        0.85   790964
738  2025-04-02 19,600.50 20,044.25 19,076.75 19,758.00    153.50        0.78   835319
739  2025-04-03 19,020.00 19,177.00 18,614.00 18,675.50 -1,082.50       -5.48   893793
740  2025-04-04 18,660.00 18,713.00 17,387.50 17,539.00 -1,136.50       -6.09  1199851
741  2025-04-07 17,100.00 18,361.50 16,460.00 17,563.25     24.25        0.14  1140389
742  2025-04-08 17,665.00 18,357.25 16,973.50 17,243.75   -319.50       -1.82   956641
743  2025-04-09 17,220.25 19,386.75 16,735.00 19,288.75  2,045.00       11.86  1086917
744  2025-04-10 19,266.75 19,383.50 17,919.00 18,484.50   -804.25       -4.17   975104
745  2025-04-11 18,464.75 18,873.50 18,067.00 18,807.50    323.00        1.75   667630
746  2025-04-14 19,225.00 19,256.00 18,737.50 18,934.75    127.25        0.68   570510
747  2025-04-15 18,902.50 19,144.75 18,809.00 18,960.25     25.50        0.13   525790
748  2025-04-16 18,790.00 18,861.25 18,116.25 18,385.25   -575.00       -3.03   683175
749  2025-04-17 18,391.25 18,652.75 18,261.50 18,380.75     -4.50       -0.02   629368
750  2025-04-21 18,306.25 18,383.50 17,700.00 17,922.25   -458.50       -2.49   484750
751  2025-04-22 17,914.00 18,514.00 17,863.75 18,385.00    462.75        2.58   619146
752  2025-04-23 18,646.00 19,165.50 18,623.75 18,804.00    419.00        2.28   733977
753  2025-04-24 18,826.50 19,418.00 18,594.75 19,322.00    518.00        2.75   599457
754  2025-04-25 19,405.00 19,589.00 19,216.25 19,535.25    213.25        1.10   587589
755  2025-04-28 19,524.50 19,623.00 19,257.25 19,528.00     -7.25       -0.04   514474
756  2025-04-29 19,478.25 19,688.50 19,378.00 19,642.00    114.00        0.58   565539
757  2025-04-30 19,599.75 19,880.00 19,103.75 19,658.50     16.50        0.08   713642
758  2025-05-01 19,834.00 20,125.75 19,757.25 19,870.75    212.25        1.08   588901
759  2025-05-02 19,782.50 20,276.75 19,749.50 20,195.25    324.50        1.63   517806
760  2025-05-05 20,181.50 20,201.75 19,966.00 20,055.50   -139.75       -0.69   418875
761  2025-05-06 20,014.25 20,036.75 19,739.00 19,876.50   -179.00       -0.89   514526
762  2025-05-07 19,809.00 20,133.75 19,678.75 19,961.00     84.50        0.43   597360
763  2025-05-08 19,934.50 20,337.25 19,910.75 20,148.00    187.00        0.94   567597
764  2025-05-09 20,157.00 20,288.75 20,058.00 20,136.75    -11.25       -0.06   453686
765  2025-05-12 20,398.50 20,996.00 20,376.75 20,948.75    812.00        4.03   638564
766  2025-05-13 20,954.75 21,346.50 20,818.00 21,278.00    329.25        1.57   526706
767  2025-05-14 21,250.00 21,419.50 21,238.25 21,392.50    114.50        0.54   513593
768  2025-05-15 21,379.75 21,529.75 21,192.00 21,400.25      7.75        0.04   542990
769  2025-05-16 21,396.00 21,512.00 21,320.25 21,506.00    105.75        0.49   419242
770  2025-05-19 21,310.75 21,544.50 21,112.50 21,527.00     21.00        0.10   520282
771  2025-05-20 21,513.00 21,562.25 21,298.00 21,447.25    -79.75       -0.37   437865
772  2025-05-21 21,414.75 21,558.50 21,072.75 21,156.75   -290.50       -1.35   605668
773  2025-05-22 21,145.00 21,337.50 21,040.00 21,178.25     21.50        0.10   512634
774  2025-05-23 21,223.75 21,236.00 20,727.00 20,975.00   -203.25       -0.96   528055
775  2025-05-27 20,978.00 21,488.50 20,954.25 21,460.50    485.50        2.31   531358
776  2025-05-28 21,480.00 21,567.50 21,321.25 21,379.75    -80.75       -0.38   421653
777  2025-05-29 21,513.00 21,858.75 21,301.00 21,408.50     28.75        0.13   563888
778  2025-05-30 21,371.25 21,433.50 21,071.50 21,376.75    -31.75       -0.15   551092
779  2025-06-02 21,303.75 21,576.25 21,163.00 21,534.50    157.75        0.74   434593
780  2025-06-03 21,555.00 21,759.75 21,399.25 21,706.00    171.50        0.80   427859
781  2025-06-04 21,688.25 21,803.00 21,641.00 21,766.50     60.50        0.28   403012
782  2025-06-05 21,744.75 21,935.00 21,503.50 21,582.25   -184.25       -0.85        0
783  2025-06-06 21,471.00 21,873.50 21,471.00 21,789.50    207.25        0.96   466591
784  2025-06-09 21,799.25 21,890.75 21,716.00 21,821.50     32.00        0.15   354827
785  2025-06-10 21,824.00 21,992.25 21,732.00 21,962.50    141.00        0.65   439539
786  2025-06-11 21,945.75 22,106.00 21,790.75 21,887.50    -75.00       -0.34   523556
787  2025-06-12 21,871.00 21,977.25 21,713.25 21,932.50     45.00        0.21   397839
788  2025-06-13 21,909.00 21,915.75 21,471.00 21,644.25   -288.25       -1.31   556189
789  2025-06-16 21,554.00 21,999.50 21,501.75 21,941.50    297.25        1.37   336301
790  2025-06-17 21,950.00 21,952.00 21,685.00 21,730.50   -211.00       -0.96   173026
791  2025-06-18 21,705.00 21,872.50 21,640.50 21,720.25    -10.25       -0.05        0
792  2025-06-20 21,731.00 21,896.50 21,435.50 21,889.89    169.64        0.78   649884
793  2025-06-23 21,648.25 22,093.00 21,566.75 22,073.50    183.61        0.84   549766
794  2025-06-24 22,079.00 22,448.25 22,065.75 22,412.75    339.25        1.54   447975
795  2025-06-25 22,412.00 22,548.25 22,384.50 22,461.00     48.25        0.22   397611
796  2025-06-26 22,461.25 22,694.00 22,437.75 22,669.25    208.25        0.93   422397
797  2025-06-27 22,676.25 22,825.50 22,600.00 22,751.50     82.25        0.36   487835
798  2025-06-30 22,751.50 22,934.75 22,751.50 22,893.25    141.75        0.62   434250
799  2025-07-01 22,867.50 22,914.75 22,594.50 22,692.75   -200.50       -0.88   495079
800  2025-07-02 22,694.50 22,858.75 22,582.00 22,843.00    150.25        0.66   408882
801  2025-07-03 22,845.00 23,102.50 22,827.00 23,062.50    219.50        0.96        0
802  2025-07-04 23,059.25 23,062.50 22,882.00 22,906.75   -155.75       -0.68        0
803  2025-07-07 22,970.00 23,028.50 22,779.75 22,884.75    -22.00       -0.10   537930
804  2025-07-08 22,837.75 22,972.75 22,808.50 22,896.75     12.00        0.05   420913
805  2025-07-09 22,906.50 23,112.00 22,843.50 23,052.75    156.00        0.68   450523
806  2025-07-10 23,041.00 23,090.00 22,901.25 23,013.25    -39.50       -0.17   391782
807  2025-07-11 23,011.75 23,048.75 22,831.50 22,959.00    -54.25       -0.24   461057
808  2025-07-14 22,860.75 23,066.50 22,803.00 23,035.50     76.50        0.33   414465
809  2025-07-15 23,034.25 23,222.75 22,996.00 23,056.75     21.25        0.09   524056
810  2025-07-16 23,018.75 23,100.00 22,835.50 23,076.50     19.75        0.09   548602
811  2025-07-17 23,065.50 23,279.75 23,017.00 23,251.00    174.50        0.76   445290
812  2025-07-18 23,261.25 23,320.75 23,169.50 23,224.25    -26.75       -0.12   450704
813  2025-07-21 23,232.50 23,424.75 23,203.75 23,342.00    117.75        0.51   398833
814  2025-07-22 23,339.50 23,367.00 23,108.00 23,226.25   -115.75       -0.50   537829
815  2025-07-23 23,191.25 23,418.00 23,146.75 23,310.75     84.50        0.36   512963
816  2025-07-24 23,402.25 23,424.50 23,298.25 23,377.50     66.75        0.29   435559
817  2025-07-25 23,391.50 23,476.00 23,330.75 23,421.25     43.75        0.19   395469
818  2025-07-28 23,520.00 23,585.25 23,436.75 23,491.25     70.00        0.30   424393
819  2025-07-29 23,504.25 23,652.50 23,421.25 23,452.00    -39.25       -0.17   538169
820  2025-07-30 23,452.00 23,689.00 23,356.50 23,480.50     28.50        0.12   538732
821  2025-07-31 23,705.00 23,845.00 23,290.50 23,365.00   -115.50       -0.49   739642
822  2025-08-01 23,308.50 23,347.50 22,775.00 22,883.75   -481.25       -2.06   803558
823  2025-08-04 22,850.00 23,352.50 22,821.75 23,296.50    412.75        1.80   472671
824  2025-08-05 23,354.00 23,404.25 23,084.50 23,132.00   -164.50       -0.71   542676
825  2025-08-06 23,091.75 23,445.25 23,045.50 23,422.75    290.75        1.26   527514
826  2025-08-07 23,418.50 23,671.00 23,329.00 23,496.25     73.50        0.31   561716
827  2025-08-08 23,518.25 23,767.75 23,503.00 23,713.75    217.50        0.93   454190
828  2025-08-11 23,764.00 23,804.50 23,587.50 23,637.50    -76.25       -0.32   443981
829  2025-08-12 23,635.00 23,953.50 23,596.00 23,938.00    300.50        1.27   488577
830  2025-08-13 23,945.00 24,068.50 23,886.00 23,946.50      8.50        0.04   453506
831  2025-08-14 23,927.75 24,007.75 23,793.25 23,930.50    -16.00       -0.07   492051
832  2025-08-15 23,888.75 23,963.00 23,734.50 23,804.00   -126.50       -0.53   441888
833  2025-08-18 23,795.00 23,881.75 23,719.00 23,797.75     -6.25       -0.03   399622
834  2025-08-19 23,800.75 23,838.00 23,426.00 23,469.50   -328.25       -1.38   557582
835  2025-08-20 23,461.00 23,485.50 23,035.00 23,324.00   -145.50       -0.62   713574
836  2025-08-21 23,323.00 23,369.25 23,119.00 23,219.75   -104.25       -0.45   525924
837  2025-08-22 23,225.25 23,650.00 23,076.75 23,569.75    350.00        1.51   490867
838  2025-08-25 23,602.00 23,616.25 23,443.25 23,498.25    -71.50       -0.30   399485
839  2025-08-26 23,505.75 23,611.00 23,371.50 23,591.50     93.25        0.40   443746
840  2025-08-27 23,604.00 23,689.00 23,434.75 23,628.75     37.25        0.16   436560
841  2025-08-28 23,542.25 23,803.75 23,487.50 23,769.00    140.25        0.59   486265
842  2025-08-29 23,760.50 23,762.00 23,397.50 23,461.75   -307.25       -1.29        0
843  2025-09-02 23,479.00 23,552.50 23,025.25 23,275.00   -186.75       -0.80   744115
844  2025-09-03 23,382.00 23,525.25 23,298.25 23,448.75    173.75        0.75   563651
845  2025-09-04 23,456.75 23,708.75 23,410.00 23,668.00    219.25        0.94   484986
846  2025-09-05 23,700.00 23,902.00 23,505.00 23,684.00     16.00        0.07   674088
847  2025-09-08 23,673.50 23,888.00 23,650.25 23,799.75    115.75        0.49   457632
848  2025-09-09 23,799.00 23,921.25 23,726.00 23,874.00     74.25        0.31   473187
849  2025-09-10 23,898.50 24,044.25 23,785.00 23,877.75      3.75        0.02   521709
850  2025-09-11 23,853.75 24,046.00 23,838.00 24,017.75    140.00        0.59   445071
851  2025-09-12 24,028.25 24,159.00 23,969.00 24,113.25     95.50        0.40   425565
852  2025-09-15 24,115.25 24,315.50 24,076.00 24,309.25    196.00        0.81   366064
853  2025-09-16 24,290.00 24,403.50 24,258.25 24,284.00    -25.25       -0.10   211077
854  2025-09-17 24,290.00 24,312.50 24,003.75 24,222.50    -61.50       -0.25   171533
855  2025-09-18 24,250.25 24,569.50 24,248.50 24,460.25    237.75        0.98   106669
856  2025-09-19 24,468.25 24,575.00 24,412.50 24,568.07    107.82        0.44   505600
857  2025-09-22 24,850.00 25,027.25 24,748.75 25,003.00    434.93        1.77   481197
858  2025-09-23 24,995.00 25,026.00 24,780.50 24,827.25   -175.75       -0.70   564182
859  2025-09-24 24,839.50 24,913.50 24,627.00 24,739.25    -88.00       -0.35   530441
860  2025-09-25 24,746.00 24,793.50 24,422.50 24,629.25   -110.00       -0.44   710112
861  2025-09-26 24,642.50 24,747.50 24,520.00 24,726.75     97.50        0.40   548790
862  2025-09-29 24,726.50 24,975.50 24,721.75 24,837.75    111.00        0.45   508361
863  2025-09-30 24,817.75 24,913.75 24,722.25 24,901.75     64.00        0.26   513254
864  2025-10-01 24,843.00 25,036.75 24,633.25 25,017.50    115.75        0.46   474674
865  2025-10-02 25,009.25 25,180.00 24,993.75 25,110.00     92.50        0.37   460294
866  2025-10-03 25,101.50 25,196.50 24,923.25 24,992.00   -118.00       -0.47   490721
867  2025-10-06 25,000.00 25,252.75 24,995.00 25,184.75    192.75        0.77   414908
868  2025-10-07 25,184.50 25,275.00 24,984.75 25,039.25   -145.50       -0.58   539431
869  2025-10-08 25,059.75 25,364.75 25,026.25 25,331.00    291.75        1.17   451309
870  2025-10-09 25,351.50 25,394.00 25,160.75 25,289.25    -41.75       -0.16   500933
871  2025-10-10 25,287.75 25,388.00 24,158.50 24,397.00   -892.25       -3.53   934374
872  2025-10-13 24,542.00 24,965.00 24,542.00 24,922.25    525.25        2.15   934374
873  2025-10-14 24,913.75 25,044.25 24,421.00 24,762.50   -159.75       -0.64   729059
874  2025-10-15 24,754.00 25,115.00 24,663.25 24,924.50    162.00        0.65   637036
875  2025-10-16 24,937.00 25,179.50 24,643.50 24,831.25    -93.25       -0.37   738759
876  2025-10-17 24,793.75 25,055.75 24,410.00 24,986.50    155.25        0.63   743681
877  2025-10-20 25,065.75 25,354.50 24,955.75 25,305.25    318.75        1.28   437206
878  2025-10-21 25,326.75 25,368.00 25,203.25 25,294.75    -10.50       -0.04   441490
879  2025-10-22 25,283.75 25,338.25 24,804.75 25,039.25   -255.50       -1.01   695128
880  2025-10-23 25,012.25 25,296.00 24,937.00 25,254.00    214.75        0.86   527352
881  2025-10-24 25,283.25 25,570.75 25,276.00 25,509.25    255.25        1.01   467727
882  2025-10-27 25,723.50 26,013.50 25,700.00 25,963.75    454.50        1.78   435230
883  2025-10-28 26,002.50 26,231.50 25,943.00 26,163.50    199.75        0.77   452121
884  2025-10-29 26,179.75 26,379.75 26,049.25 26,262.50     99.00        0.38   557797
885  2025-10-30 26,154.50 26,399.00 25,853.00 25,882.75   -379.75       -1.45   665782
886  2025-10-31 26,150.50 26,274.00 25,888.75 26,004.00    121.25        0.47   597984
887  2025-11-03 26,028.25 26,266.00 26,012.75 26,103.25     99.25        0.38        0
888  2025-11-04 26,104.50 26,104.50 25,522.75 25,575.25   -528.00       -2.02   669483
889  2025-11-05 25,545.00 25,880.00 25,282.00 25,746.25    171.00        0.67   618171
890  2025-11-06 25,738.50 25,822.25 25,197.75 25,244.25   -502.00       -1.95   754444
891  2025-11-07 25,314.75 25,354.75 24,709.25 25,166.25    -78.00       -0.31   765092
892  2025-11-10 25,320.75 25,760.50 25,269.00 25,714.50    548.25        2.18   626203
893  2025-11-11 25,722.25 25,768.75 25,478.50 25,640.75    -73.75       -0.29   537967
894  2025-11-12 25,668.00 25,830.00 25,488.75 25,623.75    -17.00       -0.07   606259
895  2025-11-13 25,624.00 25,721.50 25,002.50 25,094.75   -529.00       -2.06   775125
896  2025-11-14 25,095.25 25,293.25 24,626.00 25,094.00     -0.75       -0.00   862322
897  2025-11-17 25,142.25 25,361.25 24,731.75 24,879.00   -215.00       -0.86   738978
898  2025-11-18 24,905.50 24,959.50 24,376.25 24,595.75   -283.25       -1.14   871074
899  2025-11-19 24,551.00 24,988.00 24,445.00 24,721.75    126.00        0.51   770449
900  2025-11-20 24,966.75 25,310.00 24,073.25 24,131.50   -590.25       -2.39   995836
901  2025-11-21 24,110.00 24,596.25 23,904.50 24,305.50    174.00        0.72   918728
902  2025-11-24 24,455.75 24,993.50 24,361.75 24,948.25    642.75        2.64   604148
903  2025-11-25 24,966.25 25,135.25 24,602.00 25,085.50    137.25        0.55   629575
904  2025-11-26 25,071.25 25,376.00 25,061.25 25,302.25    216.75        0.86   522196
905  2025-11-28 25,313.00 25,499.75 25,285.75 25,482.00    179.75        0.71   199445
906  2025-12-01 25,482.50 25,546.00 25,193.25 25,391.25    -90.75       -0.36   574734
907  2025-12-02 25,411.50 25,670.00 25,324.75 25,606.00    214.75        0.85   561951
908  2025-12-03 25,611.00 25,685.25 25,421.50 25,657.50     51.50        0.20   494194
909  2025-12-04 25,650.25 25,732.50 25,488.75 25,622.75    -34.75       -0.14   509526
910  2025-12-05 25,629.75 25,868.00 25,579.75 25,732.00    109.25        0.43   498264
911  2025-12-08 25,750.00 25,860.75 25,564.75 25,664.00    -68.00       -0.26   473150
912  2025-12-09 25,713.00 25,735.75 25,560.00 25,699.75     35.75        0.14   407387
913  2025-12-10 25,680.00 25,870.75 25,528.75 25,798.00     98.25        0.38   556710
914  2025-12-11 25,769.50 25,861.50 25,383.00 25,713.50    -84.50       -0.33   637723
915  2025-12-12 25,701.00 25,733.25 25,118.00 25,213.50   -500.00       -1.94   760749
916  2025-12-15 25,223.50 25,410.00 25,033.25 25,093.25   -120.25       -0.48   448073
917  2025-12-16 25,101.25 25,202.50 24,828.00 25,139.00     45.75        0.18   247876
918  2025-12-17 25,091.75 25,266.00 24,654.50 24,668.75   -470.25       -1.87   139991
919  2025-12-18 24,744.00 25,178.00 24,675.50 25,028.25    359.50        1.46   111598
920  2025-12-19 25,002.50 25,160.00 24,977.50 25,132.79    104.54        0.42   502611
921  2025-12-22 25,635.25 25,794.75 25,628.00 25,692.25    559.46        2.23   367322
922  2025-12-23 25,701.00 25,822.50 25,608.25 25,812.25    120.00        0.47   336346
923  2025-12-24 25,815.75 25,892.00 25,777.50 25,880.50     68.25        0.26   163037
924  2025-12-26 25,868.00 25,935.25 25,834.25 25,863.25    -17.25       -0.07   240485
925  2025-12-29 25,863.25 25,893.75 25,648.00 25,739.75   -123.50       -0.48   347055
926  2025-12-30 25,740.00 25,793.75 25,668.25 25,675.25    -64.50       -0.25   300558
927  2025-12-31 25,683.25 25,716.75 25,429.00 25,456.75   -218.50       -0.85   329352
928  2026-01-02 25,478.50 25,803.75 25,265.25 25,385.25    -71.50       -0.28   554838
929  2026-01-05 25,431.75 25,708.00 25,406.50 25,577.75    192.50        0.76   461305
930  2026-01-06 25,583.00 25,837.75 25,527.50 25,822.00    244.25        0.95   445573
931  2026-01-07 25,831.25 25,996.25 25,727.00 25,838.75     16.75        0.06   477861
932  2026-01-08 25,838.75 25,849.75 25,569.00 25,687.50   -151.25       -0.59   510805
933  2026-01-09 25,725.00 25,985.50 25,615.50 25,938.25    250.75        0.98   509669
934  2026-01-12 25,949.00 26,020.50 25,632.75 25,956.75     18.50        0.07   452996
935  2026-01-13 25,953.50 26,045.50 25,803.25 25,906.00    -50.75       -0.20   560438
936  2026-01-14 25,900.75 25,925.75 25,420.75 25,631.00   -275.00       -1.06   647871
937  2026-01-15 25,593.00 25,952.75 25,562.50 25,705.75     74.75        0.29   591058
938  2026-01-16 25,720.50 25,891.00 25,591.50 25,689.00    -16.75       -0.07   490573
939  2026-01-20 25,471.00 25,472.00 25,095.25 25,129.25   -559.75       -2.18   864568
940  2026-01-21 25,149.50 25,653.50 25,025.00 25,471.00    341.75        1.36   810753
941  2026-01-22 25,529.50 25,739.75 25,483.75 25,658.25    187.25        0.74   533607
942  2026-01-23 25,605.00 25,845.75 25,540.25 25,738.25     80.00        0.31   504901
943  2026-01-26 25,585.50 25,936.50 25,365.25 25,848.50    110.25        0.43   450290
944  2026-01-27 25,861.25 26,118.00 25,838.50 26,073.00    224.50        0.87   429460
945  2026-01-28 26,111.25 26,349.00 25,993.25 26,156.25     83.25        0.32   511937
946  2026-01-29 26,282.50 26,296.00 25,536.00 25,999.25   -157.00       -0.60   699097
947  2026-01-30 25,998.50 26,020.00 25,568.75 25,670.00   -329.25       -1.27   712197
948  2026-02-02 25,530.00 25,949.50 25,180.25 25,850.00    180.00        0.70   578865
949  2026-02-03 25,876.50 26,027.75 25,219.00 25,452.00   -398.00       -1.54   696150
950  2026-02-04 25,387.50 25,514.25 24,783.50 24,999.25   -452.75       -1.78   742646
951  2026-02-05 25,061.75 25,169.00 24,407.25 24,651.00   -348.25       -1.39   774469
952  2026-02-06 24,416.00 25,222.00 24,239.75 25,163.25    512.25        2.08   653956
953  2026-02-09 25,153.75 25,428.75 24,955.50 25,354.00    190.75        0.76   492306
954  2026-02-10 25,363.00 25,447.25 25,198.25 25,218.25   -135.75       -0.54   477554
955  2026-02-11 25,259.00 25,465.25 25,058.25 25,288.50     70.25        0.28   531730
956  2026-02-12 25,289.00 25,419.75 24,721.50 24,768.00   -520.50       -2.06   668338
957  2026-02-13 24,842.25 24,995.50 24,578.75 24,803.25     35.25        0.14   688226
958  2026-02-17 24,789.75 24,922.25 24,449.25 24,767.75    -35.50       -0.14   752646
959  2026-02-18 24,773.75 25,128.25 24,700.75 24,956.00    188.25        0.76   540796
960  2026-02-19 24,943.50 25,054.00 24,749.00 24,858.75    -97.25       -0.39   515038
961  2026-02-20 24,837.75 25,139.50 24,678.50 25,067.50    208.75        0.84   615358
962  2026-02-23 25,033.75 25,059.75 24,668.00 24,762.75   -304.75       -1.22   594568
963  2026-02-24 24,788.00 25,078.75 24,694.50 25,028.75    266.00        1.07   520239
964  2026-02-25 25,016.25 25,494.75 24,992.00 25,382.00    353.25        1.41   417621
965  2026-02-26 25,388.25 25,418.25 24,861.75 25,081.00   -301.00       -1.19   605581
966  2026-02-27 25,024.25 25,098.75 24,782.00 25,004.75    -76.25       -0.30   561211
967  2026-03-02 24,682.50 25,101.00 24,477.00 25,025.25     20.50        0.08   627650
968  2026-03-03 25,002.75 25,011.00 24,352.00 24,755.75   -269.50       -1.08   719421
969  2026-03-04 24,710.75 25,217.75 24,499.00 25,128.25    372.50        1.50   603596
970  2026-03-05 25,156.50 25,250.00 24,772.50 25,049.50    -78.75       -0.31   683962
971  2026-03-06 25,019.75 25,141.50 24,601.00 24,670.25   -379.25       -1.51   645082
972  2026-03-09 24,435.25 25,058.00 24,000.00 24,991.00    320.75        1.30   708630
973  2026-03-10 24,981.50 25,217.50 24,830.00 24,982.50     -8.50       -0.03   564644
974  2026-03-11 25,010.25 25,180.00 24,873.50 24,983.50      1.00        0.00   476593
975  2026-03-12 24,934.50 24,949.25 24,517.75 24,560.00   -423.50       -1.70   565145
976  2026-03-13 24,567.00 24,805.25 24,333.75 24,394.25   -165.75       -0.67   609146
977  2026-03-16 24,285.00 24,816.25 24,278.00 24,675.75    281.50        1.15   413547
978  2026-03-17 24,668.75 24,896.00 24,517.00 24,795.50    119.75        0.49   204810
979  2026-03-18 24,796.00 24,989.00 24,350.00 24,434.50   -361.00       -1.46   126918
980  2026-03-19 24,399.75 24,505.25 24,115.00 24,364.00    -70.50       -0.29    69553
981  2026-03-20 24,417.25 24,444.00 24,108.75 24,291.78    -72.22       -0.30   611673
982  2026-03-23 23,902.00 24,763.00 23,772.50 24,408.25    116.47        0.48   683625
983  2026-03-24 24,417.25 24,550.00 24,134.00 24,213.75   -194.50       -0.80   544209
984  2026-03-25 24,420.00 24,539.75 24,286.50 24,367.75    154.00        0.64   525449
985  2026-03-26 24,373.50 24,421.25 23,763.25 23,794.25   -573.50       -2.35   557306
986  2026-03-27 23,824.00 23,976.00 23,232.50 23,328.50   -465.75       -1.96   559271
987  2026-03-30 23,189.50 23,574.00 23,024.50 23,139.75   -188.75       -0.81   559453
988  2026-03-31 23,119.50 23,975.25 22,961.50 23,915.00    775.25        3.35   755160
989  2026-04-01 23,889.00 24,348.25 23,880.00 24,194.75    279.75        1.17   579693
990  2026-04-02 24,180.00 24,266.75 23,666.00 24,218.00     23.25        0.10   576893
991  2026-04-06 24,093.50 24,452.25 23,981.50 24,358.50    140.50        0.58   444473
992  2026-04-07 24,348.75 24,451.50 23,941.50 24,371.00     12.50        0.05   575961
993  2026-04-08 24,514.00 25,257.00 24,355.00 25,074.25    703.25        2.89   644388
994  2026-04-09 25,037.75 25,269.75 24,953.00 25,251.50    177.25        0.71   514186
995  2026-04-10 25,237.00 25,393.00 25,193.00 25,281.25     29.75        0.12   430719
996  2026-04-13 24,980.00 25,599.25 24,904.50 25,543.50    262.25        1.04   507117
997  2026-04-14 25,575.25 26,003.25 25,560.00 25,996.75    453.25        1.77   477724
998  2026-04-15 25,985.75 26,377.50 25,933.75 26,365.50    368.75        1.42   477724
999  2026-04-16 26,460.00 26,497.25 26,445.25 26,489.00    123.50        0.47    14008

==================================================
      HOÀN THÀNH PHÂN TÍCH TẤT CẢ CÁC MÃ          
==================================================
