==================================================
      VNSTOCK 3.x MULTI-STOCK DEMO               
      Danh sách: NAS100
      Khung: 1H, Số lượng: 20
==================================================

==================================================
      PHÂN TÍCH MÃ: NAS100 (Nasdaq 100 Futures) 
      Khung thời gian: 1H
==================================================

--- [ LỊCH SỬ GIÁ NAS100  ] ---
                   time  symbol      open      high       low     close  change  pct_change    volume
0   2026-04-22 15:00:00  NAS100 26,845.50 26,850.25 26,779.75 26,819.50  -25.25       -0.09  8,177.00
1   2026-04-22 16:00:00  NAS100 26,818.00 26,863.25 26,807.75 26,825.75    6.25        0.02  7,515.00
2   2026-04-22 17:00:00  NAS100 26,826.00 26,849.75 26,806.00 26,826.00    0.25        0.00  7,862.00
3   2026-04-22 18:00:00  NAS100 26,826.25 26,839.50 26,806.00 26,833.75    7.75        0.03  7,466.00
4   2026-04-22 19:00:00  NAS100 26,835.00 26,900.50 26,819.50 26,821.50  -12.25       -0.05 20,776.00
5   2026-04-22 20:00:00  NAS100 26,821.75 26,892.75 26,811.50 26,864.50   43.00        0.16 64,858.00
6   2026-04-22 21:00:00  NAS100 26,864.25 27,006.25 26,852.00 26,972.00  107.50        0.40 85,043.00
7   2026-04-22 22:00:00  NAS100 26,972.25 27,008.75 26,940.25 26,980.50    8.50        0.03 51,849.00
8   2026-04-22 23:00:00  NAS100 26,980.50 27,005.00 26,957.25 26,966.75  -13.75       -0.05 38,324.00
9   2026-04-23 00:00:00  NAS100 26,966.50 27,050.00 26,965.75 27,030.00   63.25        0.23 41,996.00
10  2026-04-23 01:00:00  NAS100 27,029.75 27,041.00 26,992.50 27,013.75  -16.25       -0.06 30,313.00
11  2026-04-23 02:00:00  NAS100 27,014.00 27,093.00 26,978.00 27,080.00   66.25        0.25 62,226.00
12  2026-04-23 03:00:00  NAS100 27,079.75 27,136.00 27,069.00 27,106.50   26.50        0.10 22,282.00
13  2026-04-23 05:00:00  NAS100 27,075.00 27,098.00 27,066.00 27,087.25  -19.25       -0.07  3,682.00
14  2026-04-23 06:00:00  NAS100 27,088.00 27,099.75 27,082.00 27,096.00    8.75        0.03  1,580.00
15  2026-04-23 07:00:00  NAS100 27,095.50 27,098.00 26,848.00 27,060.75  -35.25       -0.13 23,881.00
16  2026-04-23 08:00:00  NAS100 27,060.50 27,062.50 26,993.00 27,000.25  -60.50       -0.22  5,995.00
17  2026-04-23 09:00:00  NAS100 27,000.75 27,000.75 26,943.75 26,950.50  -49.75       -0.18  7,706.00
18  2026-04-23 10:00:00  NAS100 26,952.50 26,962.00 26,865.00 26,908.25  -42.25       -0.16 10,251.00
19  2026-04-23 11:00:00  NAS100 26,906.25 26,928.00 26,893.25 26,923.50   15.25        0.06  1,355.00

==================================================
      HOÀN THÀNH PHÂN TÍCH TẤT CẢ CÁC MÃ          
==================================================
